416
158
156
150
150
3417
412
369
3511
116
136
1020
769
113
411
2400
364
1604
417
3216
3988
1630
6383
2038
6764
1608
5130
8830
5035
711
6328
1926
3162
4272
5857
3287
2974
417
352
5397
5316
6035
5986
9216
8696
8704
4594
1981
5247
8072
5984
5984
3083
5816
5467
6539
5931
6390
7317
9196
527
654
1238
104
955
407
1254
3958
494
98
2414
643
631
639
695
128
216
605
554
240
2201
1853
694
1080
1805
971
3223
1556
3054
8402
2227
1372
611
2391
665
2260
8612
2098
645
1363
1294
3661
4825
8364
1066
9618
3296
1389
8354
8132
528
2979
1034
690
776
1274
4675
1878
1219
3178
4750
1466
4033
1649
3710
2201
162
4443
2717
7964
954
152
5369
6530
987
113
3745
1340
918
8224
5883
3712
3003
4767
4917
1362
2256
1033
5098
4152
2416
2196
3086
4994
3014
4263
2517
2893
1730
5313
8380
5542
8530
5115
9162
4109
6196
6414
4421
8990
6881
7161
3924
5169
8790
4553
8784
8714
7780
5207
1008
3292
4495
2073
2550
2032
1242
104
1845
1499
6281
3040
1293
4230
2575
3061
1003
3802
128
2480
8376
2122
8230
1027
4963
3250
2507
4920
8192
6468
4850
3326
3333
4670
1913
2469
4534
3324
8200
1832
8870
8496
2842
8668
8350
8588
8896
9010
6012
3378
8834
4809
4897
9296
2818
3263
8996
9066
8642
5253
2395
139
8070
1310
129
4571
681
5379
1696
717
2127
7846
1168
6931
647
7716
2890
148
644
598
1919
5779
8470
7978
7896
2267
4320
8196
3164
7814
4696
2392
5972
5200
7734
2915
1040
1183
2982
8212
8820
8374
8948
1396
4896
8644
2806
8992
8696
8346
8836
8466
8226
8586
8832
8954
8134
5322
8292
2938
6172
1273
234
125
3105
521
752
728
640
1144
8074
849
151
1391
1423
181
126
896
584
1327
3303
1522
821
3460
1020
6275
8612
8092
7950
2597
1299
8666
7768
3197
3068
2531
2665
8122
2555
867
8676
5999
8382
5826
9144
2873
5896
9156
5133
2519
2721
2755
2664
8910
9306
5677
8808
9504
9498
5297
1718
1770
155
155
1515
1761
1539
157
1612
522
1422
159
5632
153
156
1509
4566
1581
1933
1381
1688
1538
1302
3236
4538
3386
1734
5015
1569
1569
2040
1839
1729
2305
2136
2156
3610
2040
6036
1716
2141
4424
2188
7964
2477
9028
4040
5308
4754
2101
4726
2000
3904
9364
3765
8364
4883
3619
2292
4734
1821
8952
8430
538
145
8962
8908
8774
8790
754
2236
5604
8766
1959
8822
2187
141
8518
533
793
8870
3337
9136
6045
5390
3141
8830
680
6095
2104
1725
673
8644
2103
8596
2192
3142
5606
3387
8878
9312
9816
9294
9186
9136
9692
9390
6370
9742
9240
9514
9438
6546
9378
1792
6243
9236
9620
9664
9212
3529
444
429
1676
391
347
2195
315
158
419
268
1704
315
320
1699
1742
1559
151
1227
1928
3873
2837
4174
3581
1729
1947
1776
1782
1559
2485
2001
4286
5440
1644
2348
312
4001
4110
1524
1761
4521
5859
8792
3562
2054
1921
4780
4894
7734
4691
4652
3745
2735
2880
8060
3123
4606
3106
8268
4198
4381
3365
3621
2751
720
2939
8282
2023
785
2529
8378
5401
2477
2927
2378
5183
2856
174
1077
3161
2900
2466
8206
8902
8386
1723
4359
2987
1814
5426
464
4008
8464
3790
5539
4778
442
6485
8152
8542
9052
9428
3830
6089
2840
2532
9472
6030
4975
9438
4074
3752
6243
9278
9390
9004
9102
5645
9264
8834
144
145
2402
207
966
209
306
354
8624
208
145
1973
643
2097
2140
177
182
2141
200
145
3286
1260
2510
1033
1150
3427
2646
1436
2397
625
172
3849
2202
2170
8492
2074
3684
3146
3892
2199
3738
10036
1354
3288
2147
9326
3555
2398
4098
9450
9414
9986
6397
9484
3072
9346
2250
2819
5743
9064
1865
960
3992
174
1821
994
1914
169
158
1795
415
323
1454
1845
1221
352
1812
1713
990
2382
2208
1938
1854
353
2007
1694
2486
1823
1340
8446
1739
4073
1921
1770
1792
1870
6465
8356
8158
1327
8410
6922
1886
8346
8722
4810
5567
8276
9120
9084
1754
1972
3063
2570
8870
3958
1738
5048
8432
1972
1649
2678
1384
1758
1775
1718
2142
1455
1937
1388
1544
487
2075
505
1651
2123
1817
516
2254
1369
513
1853
2575
5693
1736
2621
461
505
1912
5849
4603
1790
6355
3485
502
2683
2649
5739
1873
427
8968
8750
2845
1999
3798
3449
5006
6249
8792
5223
5877
1548
9076
5649
3673
5890
8980
3464
6015
6125
1158
573
1171
1042
290
1533
434
211
157
248
2189
1082
628
509
1131
520
508
627
159
253
214
432
4269
287
1098
2861
1986
1200
1146
1150
529
1577
8614
1278
1048
8970
6099
1247
1403
1129
5205
8816
8596
9476
8788
9530
9280
6055
4622
1453
1359
5152
9638
6030
9034
5528
2207
4959
9568
1284
3087
151
220
198
176
1568
171
183
114
685
121
368
592
2514
222
1352
947
692
171
161
2394
1400
2284
1546
1548
2349
701
1631
1528
3255
2105
4603
1773
3390
8224
4762
1295
5489
8592
7884
8488
8894
3253
2201
1714
8404
8642
2654
8800
8140
2625
8372
8598
1641
9152
6226
5566
8292
5544
5123
945
181
203
150
4466
203
8322
241
5476
256
4885
4701
2876
4756
196
2111
236
203
198
3823
3548
2855
8364
8456
6258
2842
4944
8480
1675
1169
1282
8680
2645
1475
1629
4899
4314
758
3141
8670
8508
9296
6361
8898
8930
2164
8466
5005
8526
9392
6375
8472
5671
8692
9198
4053
5185
5411
5548
1695
5162
8348
5699
3453
1327
231
395
493
1233
5150
216
1572
1302
634
5039
1363
220
675
221
2053
5836
1349
5069
1912
3153
3513
8542
1139
2648
1452
3400
6571
569
1181
3074
419
1309
5580
8334
2747
6654
1819
4008
2416
9214
5732
3561
9152
6864
3238
5453
8614
6436
2989
6772
1988
9520
2803
6261
5297
2793
1608
376
1242
196
8420
8022
193
3063
2794
1368
191
195
1306
190
1984
1461
7706
2254
5208
4512
2727
8432
2915
2832
3401
5129
1715
4168
3013
2979
2846
7682
2845
5485
2768
8216
2175
8100
1737
5489
8584
5446
8574
7918
5108
5806
5355
5797
2915
8808
8590
8948
8838
3269
8874
8690
2855
8608
8562
156
157
1851
171
169
156
1921
162
166
152
166
5613
1603
4956
169
150
171
169
1453
167
1253
1705
4071
1342
2052
1369
3200
2639
3213
1735
2016
1752
2068
2031
4049
1887
1468
4268
2104
3057
4277
5700
3309
1278
3111
5510
3226
4473
2316
4487
4455
2307
4594
6400
4393
3491
4021
5675
3959
3401
444
207
727
1417
2089
221
191
2774
8202
2615
8400
512
4953
201
841
7830
6008
752
4266
454
4907
508
1252
432
658
5420
1783
2417
411
2411
875
412
5881
4259
8068
3438
405
7994
6138
444
8724
5150
8802
8874
442
5574
1662
474
8334
530
8604
644
430
8752
8774
9074
3312
625
8978
481
171
1224
3769
292
304
5615
295
809
420
1146
4118
721
5841
1205
2219
3696
285
5934
1053
4334
3975
4315
2604
4060
1986
3629
4043
2553
3616
3508
2219
8008
8368
3425
4641
3628
3882
6045
4031
5499
8400
8766
9030
8536
9092
3747
5052
4049
3202
8660
3807
8556
6541
4197
9214
8518
5472
6372
4307
8038
1366
361
470
2257
2190
1437
2024
1128
686
1405
366
365
8104
633
2087
7726
1346
1392
190
2397
1195
2832
1249
1436
2289
1725
644
3406
2279
2309
5392
1365
2073
3737
2184
2189
1184
1309
1411
1357
3040
2274
4552
8964
2302
4141
1313
5718
4437
3945
3589
2210
8384
5248
3728
2469
2923
2331
1887
4701
789
2901
816
353
5363
5241
887
587
1488
868
862
456
3306
2977
880
803
2894
928
986
4536
2066
918
915
3280
1011
2408
8462
3532
4049
3835
3402
3753
5698
1043
1105
539
5264
531
5122
4242
4813
5485
4858
3623
3489
2722
5441
6297
3451
6028
5527
9172
8980
3263
8534
8482
8508
5831
3653
4485
1133
1697
203
1490
272
1361
5991
2552
306
1560
323
236
367
288
1529
1431
2660
2664
1006
730
2017
8092
3816
1602
5465
1469
8296
2196
2708
8320
5913
6299
7750
4371
1433
2615
1714
1891
3386
1449
4154
3957
8316
8672
4402
3197
3133
1903
9216
8292
8824
7768
2007
1898
3087
8540
3015
3963
5801
3161
547
591
580
3463
639
595
3692
3288
1861
8922
1602
657
1731
597
6771
3826
3437
560
556
665
3973
2329
6916
3527
3385
3525
3679
6737
8930
9086
3469
8832
8890
1823
671
647
3554
1792
2025
3700
9568
3415
6999
9544
9160
6898
3957
6239
1946
9254
3744
3722
8998
9426
7257
3319
8840
9702
3027
6161
1556
1612
448
1996
4236
405
8772
557
2705
2573
2651
3937
733
527
336
777
4042
689
5472
5109
2671
1828
1901
1644
4302
6116
2408
2762
1823
2002
1685
712
2626
2757
3062
2440
3266
8364
3042
1125
4031
3451
1718
8320
3520
8982
5041
8688
5669
6493
4698
9064
9276
8772
4268
9598
8902
8994
4790
4675
160
2321
3869
1325
1196
667
3385
2298
2226
3020
1328
1635
3843
3882
3326
174
3949
2648
2490
5249
4410
4593
3961
2249
1532
3030
3332
3133
3493
3711
3586
3549
4935
4155
5210
3126
3363
1227
2441
3231
5697
5467
5512
4390
8314
1347
3564
8908
8562
3541
5129
5472
5463
4638
2260
3301
4300
4364
8348
4379
6644
412
884
408
1558
414
5527
408
362
933
1640
1559
341
412
414
155
361
2705
8304
363
4339
3061
4587
8496
1909
3271
9198
3894
872
1576
4589
353
8526
8668
341
6604
351
8618
363
1486
9082
7108
9532
4675
8990
6142
8966
9730
6715
8828
9532
6194
9110
6625
5167
9328
9160
6616
9446
9460
1074
984
933
171
807
160
1455
1118
3814
1076
173
171
2369
923
182
4757
2376
3728
157
170
2438
3858
984
6208
3717
2097
2121
946
3959
3463
1488
1009
1026
3165
1586
5038
2222
830
6017
3069
6278
9872
3930
6680
6501
9776
8838
9510
6527
4870
2693
6577
6702
5505
8516
4261
10080
5585
6660
5871
4203
2201
2006
409
1221
2977
1162
433
2090
3882
3784
1173
388
696
1145
474
593
1031
416
1261
1440
2203
1285
2449
1043
726
1978
2796
1173
4349
5278
1236
4014
3006
860
1289
474
3747
1262
1610
2362
2304
2275
4578
8348
2911
8152
4881
8074
2363
3529
2647
2852
8666
2527
2462
8406
1317
2370
4130
3951
1051
3446
822
1466
976
483
618
2931
631
565
1612
654
578
785
1712
847
3741
299
790
1055
5627
3428
1346
3643
4714
1068
3413
992
1627
5861
1731
1788
1520
8096
2192
985
1991
1768
1053
3506
3106
5216
2104
8364
1665
3556
6183
6343
3878
5033
4562
9142
8626
3908
9118
8996
3859
8926
5795
128
7580
4143
611
961
8028
653
551
1240
5589
469
5509
495
2320
171
182
234
223
1037
2725
3595
7798
7752
7380
1063
4976
5067
8006
3240
476
7810
8118
5341
3801
574
1842
3401
3234
3423
507
7874
8416
8646
7700
5740
8624
7904
8442
7836
7914
807
8766
7878
7634
7238
3233
8102
7876
2552
1819
157
755
7870
1232
6519
148
3293
1475
5533
5831
876
701
3344
4762
1585
158
781
859
861
157
5132
824
5937
3165
3633
3593
2073
5350
5626
4417
908
2806
727
3240
3159
6290
952
840
6715
6058
1544
2025
5245
8230
8400
2435
6079
3601
8460
6766
8464
6120
8200
8512
7207
8426
6945
3218
8734
6665
710
2788
613
625
2070
2532
2504
2824
1453
536
4080
561
2925
582
3230
628
1352
645
2392
536
3997
1741
677
1498
2596
1555
1661
5560
9022
754
8322
1540
687
2269
1464
8612
2875
3468
3541
2724
2863
9038
8932
8886
8930
3891
5930
9054
8688
5659
9160
4010
6298
9436
2539
9222
5550
3623
5611
9078
8032
1683
566
224
235
1758
8412
3119
822
558
2013
4711
229
3513
213
657
914
342
730
219
5828
4495
1676
2561
8208
2249
2566
1806
1841
2053
2772
3714
2656
4226
3890
2531
8340
2697
1251
5651
1886
5987
5106
9094
8696
5061
9110
8342
5661
4752
9132
8550
8852
6164
4605
8124
4651
5135
4245
8950
3709
108
3097
3302
3300
1508
2245
2310
1376
126
2223
113
212
7934
3777
5919
2281
2561
3738
1204
2585
2447
6058
6016
1320
3511
2289
2495
2792
2581
2724
5418
2715
3379
2663
5373
2582
2208
2496
2269
2820
2497
2659
2668
2618
2743
2601
2649
2508
2838
3631
5772
2775
2760
2829
2577
2778
2571
2731
2783
8136
3366
565
8312
485
417
558
443
8688
3341
413
476
2263
2527
3072
458
1175
571
2704
510
6277
6756
7788
8108
472
606
8236
2404
4577
8564
8440
6131
466
421
7610
2881
2889
4213
606
8594
9330
8616
6361
7964
5549
8564
9462
8870
9200
9442
4384
8534
8778
6290
9324
9396
9108
3293
8812
9340
795
1308
1431
970
3484
3280
2257
420
1512
147
1397
1058
377
4285
829
3303
2403
4246
760
4727
1002
2543
1503
5314
3474
5812
2442
1902
1964
1911
5108
3278
8572
472
1251
8980
2159
8552
6023
2561
8516
8596
9120
5455
3884
3269
8844
2857
4038
4716
8970
4099
5956
9028
8158
8588
8756
9018
9002
3082
1893
3996
2734
152
2050
1668
1870
157
143
2025
1689
3891
617
1788
166
1853
204
1606
2977
154
2611
3434
2340
8878
5251
3866
2900
2058
5245
3629
4396
406
2955
7790
5564
5122
8212
1794
5085
5292
8542
8330
8236
8690
9120
8084
2194
2811
8816
8768
8878
9294
8968
635
2787
5551
8578
7990
9090
4783
1930
199
1841
1265
139
177
187
1889
169
766
138
51
1769
238
1785
239
227
181
1570
774
1245
8144
1702
747
1889
1828
3171
1823
2144
2881
2781
3311
1444
2999
1913
1778
1098
1766
1837
5974
3841
8348
3818
5981
6246
5665
2860
1850
5397
2411
1327
1938
2654
3632
2017
4038
1851
3267
3075
3399
1353
1929
1682
1743
1310
967
1004
1727
1414
1511
259
953
7736
1133
2162
1326
2117
2355
2606
1619
2246
7538
7620
1561
7818
2267
1425
4932
5135
2184
1687
5079
2511
2902
7528
7404
2718
1532
2862
5560
8060
2500
7490
8300
4093
8106
7904
8240
2316
2539
8262
7592
7962
2371
8274
8046
5186
3532
8134
1928
1579
4139
1538
635
366
3919
749
3192
266
545
1595
434
1523
2817
621
730
1094
4042
3457
3416
1515
3256
1655
3179
3202
3233
1888
2952
2950
2022
3111
1847
5058
4251
3385
3333
3342
4604
2569
1715
1978
8128
2532
4922
8098
8454
4718
4366
3478
4034
8502
4489
3841
8046
8116
5020
8068
5218
4642
5294
1638
975
1688
549
1585
4610
1496
522
545
2552
1477
510
2351
499
202
443
4837
1589
940
2613
1765
1733
4348
1120
1861
2019
2666
2481
8426
965
579
2443
1591
1985
5386
2653
7728
1636
548
584
9196
8958
8930
4583
3562
5870
5837
8832
2207
6473
1594
8740
8680
1325
8888
8786
1735
2877
3427
9212
1810
476
597
462
1016
1095
1829
1136
1045
2339
4931
1134
155
1084
1160
1352
4844
1171
545
986
1335
1083
1220
8546
4805
656
1306
1212
1199
1120
3421
2252
3671
5577
984
1208
5783
1139
4765
1253
8446
8188
8512
8424
5844
5254
6321
1787
6442
3856
8910
4626
1500
5366
8748
2410
8562
8256
1981
1671
316
283
684
626
2227
7846
563
8464
1131
286
283
663
680
7908
1144
8252
785
7940
631
626
8932
8372
8528
1164
8812
8246
774
4878
1596
8714
8702
8286
1208
1699
374
785
8456
8552
8306
731
9198
8912
8816
3238
8910
9118
8848
8912
8202
8852
8798
8264
8832
8720
8732
8784
8524
8160
8676
8378
7542
758
1860
2897
180
856
3629
900
1933
1545
722
2563
2738
2863
733
1695
3534
2036
186
4371
3105
4722
2155
2865
4165
5269
3752
3994
4087
8000
4333
3506
3055
4287
4953
4019
2345
7962
4181
2785
3810
7876
8374
4686
3747
5953
8466
5107
6345
2970
3726
2919
6503
8582
3871
4555
2704
8146
5404
3673
1211
3684
2657
1202
3679
3726
2914
4576
1665
3069
1467
3997
1232
477
8006
835
1320
1461
1306
1256
3057
5160
2045
4172
8172
8066
3580
4313
3825
3866
4123
7864
2646
1473
2538
2793
2806
547
3004
4071
3931
6059
5314
4543
3039
7155
5340
4341
4790
8750
7391
7315
5901
6141
8716
7343
8756
6247
3898
5691
1595
1492
3705
1094
1504
1744
2278
209
201
3739
3575
1630
3332
2531
153
3399
1119
1759
1338
154
1813
3055
2529
731
653
1779
1645
4034
2062
1833
1351
1426
1676
3972
2200
1668
1384
696
7680
1630
5340
7572
3648
3417
8556
2611
5600
8562
1613
7964
8518
7868
5324
4368
7666
7598
4167
1621
8330
2163
288
3303
321
657
267
3424
321
564
604
317
977
4083
314
637
320
312
321
264
319
264
8384
4941
4902
3414
4919
7910
3532
3681
5948
3010
3338
289
4434
264
4271
8580
302
2922
3517
4362
4888
5012
8574
5214
8812
3441
8516
4701
8334
8546
4157
3511
3451
8438
3748
7988
2875
3452
3959
3594
1380
1509
5726
2935
185
185
652
474
188
3350
4491
697
188
790
315
5432
4939
2501
5871
2305
849
807
2029
2196
5738
2513
2032
2192
4865
4890
8298
5163
4002
9753
5964
4491
2110
1917
2889
1460
5130
9010
4224
2142
8814
5915
3624
5139
9194
1554
8792
8922
4932
6499
3438
5476
8704
4891
8926
8444
8312
145
750
560
173
715
1408
1387
3289
4531
2055
679
947
8106
1095
848
5443
4608
4240
4606
4905
3431
3534
4760
4353
3667
1353
1229
8272
8456
3563
4747
2149
4872
737
3873
5071
3371
2770
8306
8820
8302
9078
6182
8432
8830
8658
8510
8944
8936
8460
1329
8676
9044
8616
4906
8260
8886
4578
1986
353
8134
8494
8138
8282
4121
4681
2057
2048
2249
136
276
332
282
299
1519
139
134
1630
1316
864
3903
1391
1643
4208
3730
4410
2155
2846
1621
3190
977
2003
5771
8854
2582
4238
3969
8708
414
2704
9344
8948
8934
9472
9266
9122
9150
9128
9018
9000
9288
3996
8946
9280
9196
9298
9218
9448
9114
107
974
1966
996
439
421
775
109
8308
1480
1042
126
1054
677
1905
1911
3619
108
382
908
2790
2382
4018
5071
2609
1964
1782
997
1045
4193
2635
902
1067
2294
2193
2833
2514
1389
904
6253
4683
9432
9320
4074
9280
2703
9812
2752
1011
1967
2462
3951
5013
6911
1720
9364
2188
9332
2666
8606
4713
722
1182
5618
1272
1239
3936
1284
4940
1051
1103
672
666
647
8088
1515
1297
567
5340
1398
4291
1257
1562
5066
1146
1722
3891
2455
4206
7542
5345
4507
1240
5745
4337
1769
8650
5614
5674
1239
8606
8508
5665
8760
8814
3030
8284
5257
1260
9090
8470
8998
8870
1821
4604
4037
4867
4106
3574
8818
4891
8290
8916
3669
2896
5302
398
5872
1397
5980
3057
2549
1199
431
1372
2265
6456
9112
615
2893
9574
2063
2952
8832
2256
9004
4522
1414
1366
826
5718
5163
1295
2594
717
2514
1552
1422
7100
2984
9968
9434
10068
9960
8688
10050
9912
10144
6771
9782
9808
9466
5262
9500
9906
9604
9824
9872
3483
10112
731
2030
656
1344
666
652
585
791
1631
3523
720
1976
3846
573
8102
769
105
5252
670
598
711
3551
3537
5812
1395
733
625
4715
2117
551
7838
3694
1068
1160
597
3655
728
3546
5082
3889
3535
8898
8800
3952
4035
649
8482
4338
8248
4306
3664
3808
2461
3895
8048
8718
8084
4709
4568
8518
3308
3947
379
4079
509
1324
361
305
2238
4470
314
926
5436
7640
2391
332
454
2569
1171
1110
452
1854
1224
7962
1037
306
450
953
625
3505
625
5775
584
4769
1174
1202
319
756
1030
3904
5838
4539
9080
8868
8808
5354
8730
8252
5536
411
4477
3422
8648
5059
1399
3238
1263
8908
5729
8496
1934
1278
3857
1448
1505
1340
1377
1203
476
1456
2905
411
238
3024
2920
1512
1195
231
2844
7874
7630
1429
3142
5662
1311
2751
1317
1415
2566
3192
4546
1776
1534
2335
2829
1369
2893
1092
1301
2947
8692
5329
2887
8428
1636
3281
8244
2074
3427
8042
8588
1347
3400
3192
3833
5699
8500
2120
3410
5041
426
394
1586
504
1084
3110
3333
508
437
3525
7988
2259
434
1864
468
1601
6247
1765
1446
558
2133
2472
4243
870
4644
3204
5069
1455
525
4904
512
3622
1822
1886
1876
1570
830
1063
1736
1992
5176
5576
3095
3373
2580
3159
8226
4946
6137
5529
5676
8940
8250
8596
2001
8928
3076
8974
5424
7634
3710
1178
571
1886
1141
163
2209
4386
159
1281
1210
568
2515
236
1042
601
8722
4292
2210
225
8818
2162
3477
3386
8848
9056
3449
2912
3506
8660
2582
3530
4674
6301
3898
1850
8812
6188
2560
2812
5045
9570
9468
6676
8732
9236
9002
9434
9140
9448
9208
6608
9514
4152
9312
9648
4515
9200
4531
6488
1849
145
4493
891
4440
2129
4801
1778
1951
1629
1999
2685
1754
1960
2284
1967
1464
1875
7458
1900
2010
561
2092
3472
1385
8272
2031
3635
1882
1948
2010
1747
2025
3686
1905
2031
2263
3770
613
2469
3099
2102
8614
2047
2062
2117
1953
4717
2063
2095
3871
2087
2085
2133
2111
2046
2087
2007
2127
2103
5485
440
9488
9076
4642
1139
394
262
803
8936
400
8584
353
939
6211
2010
6525
5231
5197
336
9088
5328
2052
8988
802
1202
1878
3198
1945
2887
239
295
4817
3342
2940
2068
3225
9100
1367
9164
9232
9498
9570
6348
7048
9258
9104
9586
9030
9298
6269
8896
9210
9254
5069
9846
6356
9584
9524
9902
576
1508
712
1450
2329
1674
559
1802
432
412
537
1769
473
770
868
1570
387
1631
725
1811
1925
3767
615
3395
1077
2225
552
937
1618
1081
1849
1699
1587
1647
1641
569
1769
1647
2013
1732
1888
2285
1788
1811
8894
1671
8034
5183
3652
1771
8764
2443
8512
5138
5823
8138
8062
7838
2418
1685
8494
1717
856
5193
3214
1946
437
2514
3067
8056
1042
2069
3759
3907
3689
1048
2708
173
3048
8412
5516
5716
2192
5205
3308
5066
1340
4302
5374
5364
8650
8756
8394
3346
3654
4183
1776
1707
1723
2137
9022
2567
6324
9136
4993
8472
3099
8912
9378
9232
5729
4811
8352
8708
5801
9104
9276
8958
8850
9360
164
125
971
8324
1484
2027
1953
1758
165
155
225
158
1099
1865
2442
2698
2024
2035
161
1969
2109
2038
2710
4787
149
8942
1979
2001
2858
8794
2122
2172
2112
5935
930
1988
1651
5723
3201
4021
2725
5739
8792
8474
2439
8854
5862
9258
8744
3554
6533
4120
9046
8898
1844
8504
8674
4801
9368
4837
1437
1392
2842
2567
2303
3035
1366
1175
800
2466
2040
2617
424
1366
1370
1112
1454
2499
481
2371
2633
2416
2362
4978
2487
2512
2525
7996
2280
2547
8264
2964
2384
1413
2561
2255
2984
610
1163
2845
5509
7900
2409
2916
7980
4257
8272
5455
8242
2576
3103
2714
5938
3168
8502
3920
8070
1524
5468
8346
159
1120
8534
2393
3937
2521
1901
1991
910
1126
2016
771
959
1869
1959
4204
462
899
4520
811
2138
2016
6768
1805
2845
2216
3826
3702
2880
6027
2008
743
6680
2019
2732
4058
1956
2613
4424
689
8998
9312
6265
9356
6986
4253
5796
9202
6596
9362
4151
6179
3073
9264
4140
9426
9670
9414
4449
2575
1602
2299
1831
5799
1304
1274
1899
1410
1738
3070
1339
2080
5191
1783
1641
3171
1008
1434
1712
910
3619
4198
2765
3132
839
1939
1684
2898
4433
1469
2221
1842
2586
1985
9110
2093
4857
4237
3536
1444
3790
6963
9538
9426
9166
5163
3208
9150
9042
2833
6157
9574
1795
5287
4712
9266
4562
2935
3653
6154
3989
8020
517
108
5251
825
448
561
572
5245
7588
540
502
175
461
663
177
4188
125
529
3288
683
1508
3488
4373
818
5407
3383
1620
8196
2317
2277
3259
8160
4035
5441
2587
7116
506
1470
2294
8370
8860
7888
8522
8446
8326
1796
3598
7916
5393
4379
8478
5235
8444
8398
5459
8506
4609
5453
1813
511
2928
1784
1291
1291
1022
1871
1775
1436
2470
1790
1932
1826
1240
323
1877
1892
2357
1688
1918
1824
2034
2367
1506
4296
8436
1332
3380
1882
1826
3572
1689
8606
2556
3350
3350
1855
1794
1930
2073
1597
5734
3701
9086
8592
5967
9182
5203
4379
8684
9116
3156
6206
2739
5318
2505
3324
2511
3239
848
2904
689
575
700
6311
953
852
1140
190
182
1147
746
342
890
398
891
5844
845
1240
911
2979
3576
928
8166
2332
5252
590
3477
1510
3381
2792
2229
857
615
3288
3861
5806
839
3003
8282
8790
8812
4427
4505
8336
5764
4887
8430
8284
4399
3792
8824
1792
9148
9234
6172
5990
5461
8894
1845
343
775
761
1817
721
989
634
8164
8016
1422
767
152
1924
636
843
848
669
755
2233
717
2006
721
1006
4049
569
1824
3968
5660
8604
2272
8708
4031
1202
5988
1466
710
1374
4326
1980
8290
1116
1075
9164
8730
4591
8744
2037
9080
8924
8986
8396
5862
3579
8292
8912
9118
6316
4869
8766
2324
1502
4885
1753
2203
4894
1034
2750
5533
1142
5388
2693
1571
1041
1688
2708
7498
1665
8094
675
1694
1807
1691
5138
1591
3418
5353
5134
4967
2631
5128
7740
7274
8222
4257
5076
7642
1636
5658
5179
8806
8232
8356
1863
8324
8384
8624
7778
8568
4847
3798
8284
2319
2066
8018
3800
5064
2604
4158
8600
1159
1856
1936
206
215
1059
1911
439
535
204
501
2065
196
1769
1767
1605
4413
1862
1681
2023
1863
1958
1944
1599
2293
1727
4449
1687
1874
3418
4475
1456
1941
1598
1777
4643
1736
5008
1820
4478
2379
2026
6153
8452
4388
6320
4435
4472
4545
2361
3235
1999
8694
6395
8276
4553
1921
5647
6474
8740
151
999
1926
415
738
982
629
681
907
629
5917
574
2029
488
418
160
8670
5077
3277
738
2855
537
1662
5846
7970
5916
8548
991
5044
368
8816
5823
390
6128
685
826
538
8640
7916
916
5583
8454
9072
5037
3470
6209
6514
9264
8514
5411
4117
9346
9170
8810
9110
9092
4551
9256
8778
9284
838
3814
1067
4389
4365
1887
156
5206
7546
1208
2282
1341
1638
1693
8326
2238
2384
838
1868
1953
4145
4181
4296
4518
4358
1258
3972
4563
4665
5266
7834
4124
4582
2173
2709
5089
1053
4622
3733
1856
2983
4071
4910
4739
4459
4961
8460
3590
4636
5098
8738
4749
4376
8786
2391
8274
5290
4465
5652
5038
362
7834
3743
4798
426
4655
4749
4900
8132
8688
8100
265
4757
1139
3165
2838
2073
8204
264
5410
3402
4072
5481
6028
7942
3237
3309
1327
8696
8550
2263
5091
3164
3632
8312
8730
5482
8216
5721
4802
5634
8960
8560
9208
8976
8882
4880
9108
6357
9068
3732
8728
8762
9138
5817
8800
3233
6213
9104
6092
999
322
425
6397
293
894
422
248
425
907
795
853
422
267
822
314
312
7334
1275
1549
909
1071
2684
1366
962
1336
424
959
310
1267
5462
839
421
8254
946
337
1366
2359
3868
1500
8550
9298
4417
8354
5917
8772
3655
8766
8352
9214
2258
8744
9262
3850
8788
3982
8948
6015
5372
4895
2036
1067
5189
1301
438
1128
1519
370
955
854
672
935
4184
3165
1893
4145
519
4271
5312
602
1108
3153
8340
5526
5069
4155
6194
8552
895
6003
3079
3363
4496
4779
874
2997
3910
6006
1626
4639
4009
8920
8814
5478
5242
5930
9178
9226
9202
3449
5703
6252
3324
4247
5403
3803
5575
9304
6399
8656
2367
2628
2713
2511
1202
2537
2370
1062
2423
2021
2529
153
1034
1091
5319
1222
2407
2426
2552
2168
2657
2813
2627
2239
5911
2505
2790
2596
2753
2558
1098
3866
5073
2342
1193
6317
2549
2803
6106
5245
8994
2768
5144
2775
8308
9036
9446
3119
2534
2656
9212
2390
9186
8854
7239
9064
6809
2800
9404
9250
654
631
2529
809
723
725
764
771
700
1971
708
612
711
2122
1589
4265
4578
1222
8378
141
5230
1635
5029
8498
4964
5324
1277
8776
669
635
2277
2490
9212
793
2127
8978
1094
2120
8428
6237
4540
8940
5069
5248
9344
8952
9126
5203
5318
9042
8956
9022
5533
8688
2717
8870
5375
5283
9268
9364
1031
1174
1149
2481
3041
937
1118
1260
728
870
1135
2886
1087
1150
2752
1980
2189
3114
3443
2136
3107
2647
991
2286
2847
8390
2199
2103
1296
4527
2844
5827
3275
1134
6486
2924
3398
1058
4723
1434
6202
4206
5629
4547
9620
8968
8766
6794
3084
4032
4729
2669
3368
4595
9582
2167
2066
2916
2117
9112
8974
4001
8778
582
2820
8846
5158
5438
2939
4209
1451
4316
599
4675
482
583
9110
995
8456
3916
1338
646
4704
1446
9322
1028
8710
2550
1496
4610
6476
974
1751
1430
4665
8584
4353
4226
2770
3299
9502
9526
8940
5251
4543
8812
4734
4427
8906
9470
9018
9506
8410
4649
9270
9524
9218
4304
9510
9366
8252
443
2097
8430
427
2031
2411
680
949
4204
803
912
513
995
671
3627
5784
806
888
1838
3444
822
4702
2709
3124
4259
2026
7938
3676
3350
8270
4725
3118
8094
8230
2590
2117
1686
3314
3249
4349
4295
4511
4352
8500
8732
4269
8312
4307
4405
7800
4282
4299
4263
8542
8376
4294
8210
4301
5731
2450
968
1558
6535
883
1129
234
1821
711
3419
186
3646
157
1204
153
1029
1523
8678
775
2441
1085
4385
784
6144
1817
6409
2947
4886
1918
5397
8686
1376
5983
1130
6299
3672
1914
3745
851
2455
6093
5627
1109
3510
6557
9032
4114
6070
9638
4898
5193
3661
9256
6069
5765
9242
9518
9704
6543
6489
1102
1117
1132
398
994
1119
1113
1101
1118
1120
471
536
1254
1068
1094
1081
1042
470
1201
1068
3603
5606
1364
1191
2240
1013
6156
5432
3396
8758
8844
3780
4903
5071
8488
1201
5782
1878
2379
2625
9214
5220
8680
9008
9080
4454
9520
6240
9100
8934
5109
5595
5243
6269
8842
6505
5395
5578
9500
8652
1582
7774
2255
4912
4372
1344
1291
1513
1087
1173
475
1386
3484
5775
373
2470
4435
1507
4927
1157
2533
4059
8052
4566
5401
3698
2715
3726
8438
5640
4609
5386
3820
3371
5432
3821
1555
8140
8504
2343
8646
8706
4883
4106
4829
8524
8376
5405
5466
4634
5979
8310
8314
4992
8000
5387
4678
6240
3857
4779
123
1001
135
2060
519
130
209
124
874
148
204
4258
147
1772
4232
4256
209
1058
266
269
2343
812
195
210
948
205
4872
899
8170
4221
836
791
4339
889
2348
844
267
835
195
8072
8428
7894
2063
3390
2062
4443
3095
4312
1892
5112
2821
4451
3053
5160
5543
3648
4782
1183
8518
861
8910
678
2003
3707
1959
1859
619
1528
877
1538
2143
8402
1704
544
1523
1665
864
8666
2270
1249
2045
2539
4296
9384
2503
9410
9170
2933
8728
9076
9054
917
596
886
2318
6761
9226
2413
2795
1766
9402
7444
6665
4963
6795
4413
9830
9714
9586
9130
9750
9380
8888
9982
7177
5371
9032
7260
9416
9370
484
1515
620
2123
944
1529
1434
2985
623
1143
891
1385
926
2993
941
1546
2990
1403
1145
1540
976
3907
992
1637
4013
656
1632
1527
1540
2292
3327
3025
8100
1825
3475
1502
1402
1865
1782
1509
4048
3091
3031
1844
4109
4087
2802
1699
4140
4749
7822
2394
7772
8130
3787
8012
4540
4047
4593
1760
8468
159
764
157
162
160
157
1790
143
8170
160
879
200
862
733
155
150
158
950
164
840
5315
8610
8270
2115
4691
649
800
2302
579
5548
3810
1933
786
2661
651
585
611
8712
478
8108
8514
1986
8304
8754
6547
8176
3791
1886
1678
2477
4043
3875
4727
8742
8824
8458
8174
8632
8440
541
521
546
1716
2483
599
531
591
533
1769
575
516
590
481
541
1462
584
492
560
588
782
490
768
3216
776
767
790
2983
4450
800
4737
607
5101
805
745
818
3239
3541
760
9198
794
5736
2098
655
797
744
3266
1959
1241
792
755
737
8946
790
1914
789
717
773
732
2593
2057
1268
2155
344
807
1893
1218
1795
744
2069
3999
4014
772
353
1589
1196
1396
1215
1234
2203
7408
4583
2163
2349
298
3182
2058
2064
3389
4985
8130
2096
2148
1231
2127
1219
3046
1256
2004
1958
8104
8922
2787
8410
2294
9376
5117
8442
4596
8614
4368
4102
8876
6002
8836
9112
8800
9216
8850
4676
328
8350
346
7880
349
299
7802
332
207
2117
351
387
3419
407
339
1123
333
349
2159
8140
8316
7892
386
2288
2339
8244
6174
1610
4793
3892
3093
8130
7690
3737
681
3210
6194
346
3030
1760
5260
6138
8858
9092
5352
3544
8754
6386
4502
7892
7894
2675
5417
867
3231
6091
8686
8468
8908
2903
2337
172
681
1277
2428
639
1262
2605
3681
725
148
660
674
1214
463
719
2145
2325
1248
721
8038
1191
2460
3710
3669
3917
1674
2137
1850
1160
2832
4158
414
991
4926
2830
3727
2662
5653
3179
8454
2357
3482
9012
8310
3107
8696
5875
6449
8288
3908
3072
2463
9100
6181
8416
6161
8238
2922
3701
2598
3171
2808
1371
1825
1736
258
5003
615
233
1082
720
1332
1721
1133
1703
1811
2395
1834
1709
2814
2816
5174
1666
1773
4977
5151
1974
3905
5121
8410
3733
3327
2818
1673
2960
2723
5000
1923
2752
5638
2860
5372
2963
5372
8680
5736
4569
2900
3842
3322
5305
9082
5491
5801
8548
5539
5472
2989
8342
8524
3356
1543
1289
216
1446
4177
3629
1379
1368
1111
631
613
4182
1339
1203
1412
346
981
4337
1698
1111
1840
1388
4593
989
560
4785
1031
5420
2153
4149
8596
1574
1556
933
8658
1150
1579
3236
9086
8738
2482
1998
4748
2743
9378
1047
9292
8964
1105
1634
4671
8296
8580
4139
1071
1109
8868
5032
1345
742
8272
908
1362
8400
1362
1662
1204
3810
2066
1397
378
1287
2746
8322
2630
5205
1819
1035
1583
3061
8180
1844
3053
8126
2737
4647
3093
1524
1485
7748
1890
407
1866
2946
4778
5261
8792
6242
8940
8764
8616
8936
8708
5042
8556
2670
2431
3638
9028
3083
3281
8646
8172
8872
8828
8802
8312
8558
1616
3536
243
1188
251
399
1757
407
4182
4677
3619
1543
3898
5608
3902
1935
3348
1053
1869
1911
2099
2960
3862
4152
4082
3336
1786
2226
1973
4111
1989
2877
1874
1036
1406
2556
1809
4721
2337
3872
5429
6086
6110
4925
6079
7610
7834
7992
4272
7874
5149
8478
5055
6413
4923
6319
8390
5360
7394
7472
6757
1795
329
4153
1042
604
4567
8562
2548
4079
2171
1749
4346
6502
377
823
8548
2172
2382
4343
1649
3011
2113
4427
1513
8592
1116
6051
3066
3308
8774
8724
8444
8970
4616
6453
2221
9006
4110
644
8848
9284
4693
9414
9228
9294
8760
8766
4886
9190
4698
6395
6809
9052
9438
9442
9658
4575
9540
9240
1186
1679
518
1549
381
1160
417
2061
526
7190
464
1590
1949
1041
1547
1667
1909
835
1596
535
1184
1649
1806
914
1931
1711
621
3903
495
4056
2095
1987
4734
1682
2015
1042
1583
3132
3310
1909
3638
1995
5253
1871
1999
1995
5188
4235
8076
8454
1963
1874
1978
1704
1222
9018
5147
5378
1698
1642
543
724
3355
1831
1576
2775
2322
170
181
468
1561
3810
174
1427
5724
770
8254
619
298
587
2253
8420
5702
5122
7594
1615
2010
8412
3443
5945
2174
2145
8378
8450
3403
2292
2305
3270
5987
4837
7882
8922
8872
9048
9114
8896
8704
8968
1452
6171
5659
4627
4569
8740
8906
3441
5144
5991
8910
5320
1001
1866
610
773
813
1795
739
675
657
4024
590
828
2338
696
501
849
5389
2039
1909
2091
1124
813
2730
2127
2702
2220
2985
2905
1906
951
942
2116
677
3650
2134
2679
1810
4443
806
2620
4384
852
5207
7976
3138
2244
783
5618
2128
5391
841
8392
8128
5517
4505
841
7950
4842
5551
1135
2822
2740
3001
7948
3452
4815
3098
2915
643
2913
103
1365
2864
2955
1474
2837
8234
5755
1961
4050
3454
3151
2777
6238
6545
983
8576
3632
8998
4914
3019
4435
1474
6061
3259
3113
979
1228
5163
987
9298
2870
9362
8944
6288
8990
8578
5291
5814
8864
9244
3974
9320
8672
4141
6215
4551
8598
2830
3055
675
1551
1071
5755
1303
1497
1208
1500
1651
1292
1445
1139
1440
1831
171
1289
1267
1360
172
688
1407
2869
2102
1340
746
2601
1800
1327
2116
2347
1244
1811
3102
1769
1251
5753
653
1391
5411
1803
4534
9308
5880
1997
8198
4331
8698
9384
9648
4181
9410
8450
3163
2375
4581
9216
9272
9154
4272
4690
1726
1393
607
1854
558
442
1814
570
487
545
3950
3853
576
1446
8492
3434
1806
389
227
438
529
1727
1810
8602
876
1799
1842
3480
2092
609
1477
1732
3710
1992
3659
1051
592
2181
1786
1838
511
8678
1727
8494
5637
8580
2125
2762
5760
8214
8576
1886
8672
8806
8472
8560
3212
3756
8280
8632
5361
370
201
1590
2695
273
521
2594
8340
2563
191
3098
528
414
1499
360
571
421
727
774
2823
2588
3142
2814
3895
3067
2288
8464
3259
1339
3814
1217
1690
252
3982
4477
3076
3825
1477
2505
8886
5941
8940
9026
4457
9042
8570
6114
8362
1291
4633
9098
1996
8782
8676
4367
8648
8518
8882
8882
645
628
863
695
1002
354
1836
1136
4076
694
700
1381
3426
622
307
727
571
3549
3401
892
2788
673
4881
2224
4872
8802
714
3441
4055
2987
8700
3442
9312
1171
9118
4280
2043
2107
8690
725
9726
1469
4035
9018
5053
8836
9070
9288
8598
9342
3895
4789
5137
3616
9284
4936
4941
4791
9336
1957
1121
2230
1968
4729
3536
4076
212
1580
271
2040
1882
2130
8896
1604
2816
4557
3715
213
8658
240
546
1063
3993
2960
4072
5047
4943
2625
3688
1429
4011
3419
2485
9346
4123
2093
8804
3308
5592
4970
4445
9698
5486
9140
4299
4271
6220
9638
8658
9746
2500
9526
5897
4653
9618
6238
9188
9106
4196
6992
3365
1041
960
1277
1292
1265
2007
1068
877
1298
1071
3999
1243
1159
1098
3077
1257
1260
1266
1245
1700
1261
5852
3159
8312
3502
3356
8056
1245
1242
4315
2894
3616
2786
1285
1289
1623
5042
1141
1389
4965
8938
3069
8516
6080
4503
3936
8402
5487
9254
4267
2879
1847
9068
8378
5348
8624
3082
3485
3341
1147
5900
3244
734
8238
1284
163
157
4131
1082
5887
2206
2355
3102
4961
159
792
1191
2271
8004
4133
6052
5831
4358
3513
2597
8452
864
3057
3784
3102
699
2761
3433
3367
1190
4167
4056
3460
2519
9156
8394
4573
9196
9286
6447
5163
3340
8814
3608
6446
4950
8960
6226
9018
5427
6501
4278
6028
8864
373
3465
3200
2001
1980
313
371
2083
321
3349
2061
3206
3990
356
261
2047
2603
262
320
3521
3275
1084
3604
259
1967
3502
4387
4239
8030
3556
2656
3593
3113
308
8494
1473
3408
8414
4455
4678
4179
8356
5070
2016
8302
8554
8110
2592
5422
8444
3555
5323
3576
3644
2594
8540
8368
584
9100
5668
5321
2496
159
841
8302
4742
6376
822
2448
877
4902
771
299
857
839
376
2229
938
335
5171
1827
6355
2359
8696
5930
6289
875
6496
5238
6544
388
4864
5014
2596
5389
9000
802
8868
9198
5319
9526
6369
9462
9202
6470
9376
9590
8890
9524
6090
6573
6606
9618
9126
5096
9862
9364
1841
9256
9684
870
3428
8130
3686
1901
9054
217
8420
202
5527
213
3521
211
5102
6216
3658
212
4968
1511
1453
6655
4538
4005
6399
3780
6585
6528
5347
3285
5469
4896
4226
1690
6391
5523
6196
3707
6494
5457
6716
7124
5412
6705
6748
9126
6718
6419
6179
9130
6727
6705
9144
6266
7236
5712
8744
9212
6904
6791
6540
621
2553
2331
1227
1185
1180
7668
2336
1120
1044
1219
3814
1103
1654
1220
2705
2238
2082
2153
732
4760
2209
1839
4033
2611
2761
7994
2675
3315
3152
1660
2704
2764
2149
2100
2422
2463
2903
2855
2786
8758
3907
3315
2214
2894
8416
2578
2741
2706
2918
8230
2735
2732
2426
8774
2206
8780
8906
8356
8944
3519
1849
1870
3802
1060
1277
1458
243
3173
3399
4826
940
1483
1048
380
1783
1059
1895
1747
1919
2616
4932
4023
3482
3842
2011
3448
2050
4123
2909
1919
2508
7956
1911
3204
1811
5192
2188
1083
5904
8076
2821
6488
4281
8550
5666
6964
5776
8682
8314
8522
5257
8514
4413
4383
8398
4933
8108
2303
5452
1298
365
243
307
155
143
176
153
196
155
363
302
315
341
140
243
146
186
1344
155
262
205
206
2739
316
368
1190
1433
479
208
530
564
1434
133
1342
8640
209
571
573
245
956
1287
4833
453
288
3822
249
493
1380
4751
416
261
301
509
1353
1272
366
481
1200
4328
930
1000
121
2993
2170
1096
550
1453
1069
3206
1371
8060
2235
1106
589
1241
955
573
577
1168
8310
8034
3197
3429
1449
1825
3241
581
4111
4771
2086
1055
999
8256
8406
443
1914
3257
8656
3384
2342
8718
8850
8584
5000
9006
8956
3652
8640
9018
9118
1134
8988
1119
8922
8774
5236
9246
2909
8608
5189
3483
1814
1282
473
2511
478
229
1794
1656
592
2598
220
491
538
560
1596
2760
625
5900
1355
1931
1763
1923
2854
2559
2660
2366
592
1331
1579
1682
2615
2979
8676
2377
2280
1815
1756
2231
9028
9638
5134
8814
3101
1651
6206
9142
4448
3063
9714
8920
2853
9332
9856
2797
9458
9834
9522
9614
3762
8560
1851
1931
2617
2243
3281
2918
1632
2103
8756
1093
1061
2537
1871
4771
572
6336
5329
160
6519
3450
9282
4607
9182
2671
8478
5910
3469
8632
8476
1833
5217
5253
9398
2264
5719
8972
2865
8780
9618
4345
9438
9558
6363
9514
9432
3327
2295
9236
9206
8932
4667
4184
9206
5436
9242
9438
8812
9460
3677
1950
3610
2884
5694
3779
855
3506
3616
2756
886
8952
191
5673
145
2480
891
3507
146
4468
4206
3769
8606
4341
8668
9084
3522
6798
3878
6078
8684
2886
5402
3595
3045
2415
2799
8114
8522
3364
9280
3514
8554
8822
9020
4349
8446
8266
8380
4271
9134
8860
9474
8778
8952
8402
9090
8852
8852
8980
348
5638
360
355
2737
1801
367
1871
1979
7956
2963
367
418
367
1927
7732
369
2919
363
369
4789
7866
1958
1934
404
1131
4281
3307
4899
4753
3011
1791
1923
8254
5883
1093
1458
405
5494
3973
5497
8382
5303
3861
8180
7964
8236
5555
3573
5330
8058
8704
8528
5433
5316
3102
5387
4440
5744
8154
8390
160
1605
1217
1883
1317
576
1307
608
1866
294
1802
162
1442
1808
1803
596
3301
2007
613
2542
602
1720
1213
1771
8390
1582
4039
3643
2158
388
3021
579
1857
413
1707
8922
6255
1904
1741
9414
8504
1811
8620
8672
2053
1939
4311
4339
9526
9210
6689
9396
6096
8810
9218
9184
1175
9104
4844
2187
288
1477
241
3019
126
2031
282
1579
1425
623
231
129
130
296
760
557
140
1123
1090
4367
147
1875
1308
2586
4888
2955
3334
2499
1505
2562
2144
2306
1455
2800
2537
2384
3465
2798
8088
7474
3153
8456
3511
4559
2950
3154
3109
2862
4911
9028
8408
3952
8384
8070
3630
2674
4960
4049
3616
135
1276
1038
5409
1867
177
158
1352
857
1253
983
4128
1829
1052
1520
166
2062
165
682
1993
1839
4796
1388
3561
3591
1288
1535
5469
1393
4118
8734
1184
1150
3905
4985
5004
1098
4338
3776
1907
5261
3051
5779
9326
9472
4682
4329
6886
1149
2880
5653
8716
5253
9380
5909
3712
6245
1688
9204
9326
627
3509
823
798
616
599
695
528
876
2003
2082
8518
756
2029
2167
2751
1408
694
4984
2003
1218
2767
1015
1133
1020
7638
5367
7964
594
3009
2004
2065
792
5959
4736
2014
5631
2764
2216
1121
5749
8532
6025
1223
3106
8570
2717
5992
8698
6026
4208
6089
2743
2617
6813
4055
8072
2322
8964
6397
3903
967
142
1629
696
2696
1091
1092
523
755
829
196
832
1945
1087
1222
200
907
723
1995
968
4313
684
2400
2340
1952
1081
5427
789
749
2944
1138
8666
203
5116
935
4709
1104
4300
1968
8788
4739
3129
3880
5304
5223
2659
5609
2694
1819
4277
6125
5016
6413
6709
4861
6249
2513
9412
5076
2031
2268
2100
3224
2257
945
146
1490
2675
1259
2015
2320
159
1435
3449
6125
2141
2477
2167
2767
2679
2270
7960
2333
4094
5781
2603
2281
4323
2140
482
2080
1059
1312
2207
1973
3560
2176
2107
4709
8938
2170
9186
8586
5114
8322
8896
8684
8790
2805
8836
8596
1134
8628
6150
8988
9266
8790
8658
9326
979
846
2617
2611
2268
3002
8592
1394
3048
1371
3690
906
838
3124
800
3272
8184
1679
8620
1692
2578
1751
3141
5377
3517
1447
5371
2105
2140
5441
3057
6778
1071
1438
3638
3673
1413
5826
3366
5400
8574
4605
6485
6345
8708
4949
8756
8996
8610
8620
9102
9066
9286
4493
3384
6673
9344
5186
8540
9588
5842
2661
2272
1614
2401
1119
6165
8806
3311
179
2414
6053
1030
1694
2424
512
2430
2634
5231
6115
8478
8964
2238
3076
8362
8608
4910
8534
3040
3371
1297
8694
2419
808
8608
3512
1825
9238
6316
8456
8788
9048
9420
9488
9472
9510
9264
9448
4852
9360
9040
8866
9030
2616
5868
9544
9330
8810
8662
9320
507
979
3461
2742
1000
3518
3404
1389
1011
4690
3617
1440
1065
1406
3609
3407
1398
3521
6168
3395
3999
3584
3938
5205
2600
1201
3290
3446
3681
3751
995
3393
5365
4443
3620
2533
4297
2055
6247
1405
8646
9542
8884
4805
4621
9050
3409
2640
8562
4829
9130
5004
6783
5067
2953
3893
6305
3712
3659
4990
333
623
502
390
375
157
395
3305
377
510
311
399
450
2240
496
426
437
454
491
616
8306
4125
963
680
3053
674
4365
7052
1709
923
7850
3238
3884
5450
612
1781
2738
455
561
2068
4467
4600
5585
7378
5595
8900
8700
8584
5883
3625
2846
4949
2266
4041
8464
7866
5824
7770
1134
8010
4502
1667
1698
850
4983
2724
4526
2479
5598
4661
1851
1379
1575
1603
725
713
731
1360
1317
794
1321
8058
1944
3002
3633
2853
8296
2756
1384
4672
5614
1847
1369
1989
8622
1198
4329
5322
1844
8766
5827
4693
9158
8706
5453
3997
8844
3251
8920
2828
2866
1299
2987
8484
8668
1415
6026
4118
4650
4941
822
1065
4206
1130
2734
1217
8340
441
4975
2341
520
1671
3299
333
1512
404
1526
1978
4492
5243
4247
8778
5019
2858
2353
4836
5199
1128
9292
2771
6408
3624
618
2462
6919
8670
4858
5320
4977
516
8946
1802
8670
9758
4898
5977
9612
9218
9038
9006
9560
9722
6261
9396
9680
9846
9332
9282
8862
4718
8150
8272
1267
1363
1867
690
1799
803
8266
1940
1333
1270
2131
1743
1282
2123
1258
2242
739
8222
2785
3080
1822
745
4531
1062
2683
1183
1386
712
2039
6313
1006
647
8042
827
4672
1981
8440
2402
8450
9080
8618
2531
4216
8682
6272
6470
2996
4839
5139
1120
9076
9028
8970
8308
8766
8374
8326
9006
2793
2483
4053
452
2249
2856
610
3067
1010
537
3516
2772
2915
2635
2131
500
2656
2561
2565
2194
4025
3926
3352
8334
2135
2818
2905
3020
3214
2587
3570
2656
1694
2669
2487
2679
2682
2981
3680
2328
8632
9008
5144
9200
9068
3686
8912
8778
3189
8752
2440
9012
8310
8536
5897
3755
8282
9180
8962
9128
317
1155
1294
1464
355
8900
1127
1199
293
1245
2372
2455
187
304
352
1236
1445
1159
4151
1273
4927
355
6258
1251
1582
1269
1343
2412
1269
1711
3403
367
6546
6133
3734
1104
1899
8554
2409
2777
4808
8960
4724
6372
3350
6487
8458
8508
4345
3842
4197
3652
9562
2370
6241
9230
5013
6146
6161
9134
5455
5976
2504
8824
6235
2662
529
3254
4196
1119
1204
1741
3186
8758
908
2652
4345
8670
3080
3464
4575
5998
2520
9100
4421
2281
8404
6461
6189
4729
6208
2782
8566
8902
4471
4487
3753
4703
5802
245
4383
9324
9476
9300
6429
9242
9032
9184
6202
4722
8920
9182
9228
9126
4724
9444
8884
9494
9362
4284
2168
3226
1875
690
4069
2763
2909
353
202
1304
263
2679
1806
644
1769
3331
621
4778
4595
588
8998
2077
3423
3215
8464
1972
2826
2676
2428
3977
4815
9010
9416
3517
1876
4685
269
4682
2833
4208
8902
2830
4462
9330
9218
1581
9066
9592
2571
9336
8980
4983
9308
6135
9716
9586
9334
4757
9146
9422
5161
1455
1353
1390
5788
1110
5385
671
1995
4954
780
1427
7810
5075
259
948
3835
728
312
5814
4267
4122
1942
6067
2403
5784
8606
4864
8728
4575
3624
5807
5513
5037
4940
5278
4721
4438
4426
1420
8660
5853
5316
1352
5238
8806
8910
8918
9026
8924
8228
4456
6478
9150
8914
8848
8906
8820
5641
8910
1384
1899
926
1309
2122
1603
1804
1753
894
807
2839
298
1428
1516
193
2808
1697
1832
2935
1751
328
1702
2948
2150
1817
1860
2819
2747
1976
2787
1810
2048
2709
1527
2374
1879
1301
1736
1459
2113
4508
2929
2824
2893
8462
4546
2905
8694
8430
4765
3025
3918
2838
3066
4331
9036
2675
4747
4722
4357
4353
515
1074
1862
2567
2514
2711
1245
157
7438
1081
2038
2441
8330
5553
1983
8026
2655
1373
159
2768
5469
2064
2439
8204
2641
6371
2554
5344
2664
5642
2002
2472
2039
4218
4271
1845
8602
2631
2643
8564
8464
2955
8688
8906
8582
8708
8652
2586
9038
8884
9228
8500
2737
8574
8586
8614
8816
2755
8434
2801
2545
1909
2188
600
732
459
176
2634
1629
427
2443
705
3003
1846
2672
1872
176
1789
1863
2594
1991
4911
4475
3068
3806
1025
2466
3716
1595
4713
3234
2464
1963
388
4598
1610
2430
8246
2442
3637
5190
2807
3964
5224
5389
5107
4904
5177
5075
3292
4694
3417
3219
8348
1999
5017
3779
4927
4547
8252
2211
4110
4022
2765
7792
8252
4899
8206
287
2672
4924
1220
7754
2120
2057
251
401
7792
3790
2809
3910
1686
2164
897
2223
4658
4908
4054
4000
4601
2589
4722
4067
3967
2424
2666
8018
4145
4711
4938
5069
8200
8650
1079
2601
8580
5051
8258
4787
4980
5044
4911
7874
4849
2432
2910
4077
4870
4137
4637
3939
1257
3484
4056
376
4693
4646
5100
5552
400
2318
4977
822
4083
3766
9062
1166
3803
1188
4201
9066
4199
9188
1185
8990
4140
3957
4395
8750
8736
669
4391
699
4233
4324
2568
8680
4193
9330
6187
9828
4559
9030
2702
9650
9158
9326
9628
9452
9592
4277
9558
9670
6407
9730
6157
9528
9550
9262
257
372
257
327
272
1961
4404
868
2130
475
327
249
2047
256
1279
6776
252
271
259
1298
1478
8874
273
3465
3826
2931
8882
1803
3047
4207
587
474
9060
327
5016
2892
2295
597
9112
3050
9288
9562
9644
9384
9774
5533
8852
2304
9502
9600
4661
2902
6729
4737
9958
9666
9566
4265
5428
9886
8058
7790
155
158
2281
1317
1204
1742
8352
3448
8680
2124
8152
3741
4815
3901
1376
8188
8294
412
8386
8266
620
1381
8410
7900
8022
3707
8328
2288
1536
2336
5455
4656
8186
4511
4471
2415
8202
3748
8322
8444
8830
7986
2057
8658
8180
8506
2340
8604
8532
8548
8824
5156
8516
2708
5506
8432
3809
8856
2739
2419
753
689
608
695
687
4323
7884
1795
633
1960
1664
161
760
3694
687
1058
159
615
239
3653
3435
2781
4189
2437
5056
5121
8224
3564
611
8158
8428
8166
8512
7696
5288
687
2158
5272
8644
9142
8302
8922
9202
1139
8234
3609
5767
9256
8290
5782
9184
8426
1105
8604
5779
5814
8976
3861
265
2697
217
2588
8330
217
2526
3097
2184
814
261
204
2049
207
2438
201
518
201
200
1861
1013
620
2976
2510
2102
3151
3132
1971
8704
1875
2939
2367
1777
2177
2844
8464
1671
3974
2840
1646
2965
3123
2656
2882
2039
8106
2887
8628
2307
3631
1070
5549
1244
8528
2739
4013
8362
2866
2973
8828
262
2227
200
6337
758
355
1031
240
980
252
255
111
207
209
1144
1039
269
9234
258
366
2190
3205
358
1473
1178
295
2968
2219
9244
2128
737
2236
3527
3001
8852
2408
2249
1120
638
1423
3102
3850
3517
2431
9456
2835
9002
9168
829
9220
9670
5452
9714
2964
9272
10120
2861
2527
9892
9282
1576
202
340
328
312
1637
1495
1328
571
1538
210
1637
6054
305
2145
353
1461
351
1357
1403
8630
1793
322
437
561
9030
1521
5291
1519
1961
571
5789
2249
2951
8976
9060
621
1529
439
4824
2167
8960
1702
9840
9518
1342
1572
4678
8866
9150
1660
3447
9308
1689
8672
3858
9046
3289
6924
9150
4199
2555
139
4331
5018
1340
4755
4972
502
1484
4122
1380
2692
3661
1377
1492
2788
3158
599
5840
2639
1084
1482
4607
2265
9080
3314
545
8502
5013
2617
8840
4901
4759
4617
3609
4897
5141
5057
4595
8854
9368
9102
8974
9174
4837
4883
4281
9008
4844
4898
9064
9246
8534
9472
4760
9188
6487
4650
8934
2659
213
1006
371
3887
3473
744
193
197
1040
1208
1073
8624
1587
270
1063
1623
2471
673
219
978
2235
2077
3529
781
3341
3347
957
3785
5591
374
3110
1040
3757
3431
2456
3551
717
8392
3333
4599
3726
4089
3859
9274
3623
3913
3863
8974
9118
3810
3909
3841
3825
3909
2666
3809
9002
3869
3882
2192
2321
2193
2244
545
2215
2310
3528
4242
531
243
2322
330
3123
2160
2693
537
2257
2645
2492
3955
2261
5322
2421
460
2578
7924
7606
4125
2304
2172
4199
2125
2509
2140
2768
599
573
2214
7832
2547
8514
8630
8152
8582
8496
5998
6249
2765
5445
8410
4095
8778
2286
2168
8758
8618
8674
5632
8470
3318
1362
6202
1071
957
2193
4894
1020
1012
1528
807
1499
1635
1698
1144
1002
1009
918
876
3557
2864
1466
915
4747
3771
3585
1681
3348
1657
2153
1801
964
4864
1667
1586
1617
8826
8224
1532
3252
8200
8858
4269
4132
4403
3916
9074
1752
5554
1955
9288
8790
1843
8418
9460
5397
9332
8614
9008
5618
4521
7888
2188
2399
1547
5071
4477
429
499
4376
3207
1673
4447
3559
3701
6068
2331
4664
412
5793
4397
8548
2339
4263
6123
4718
3959
2079
4764
3713
3109
8866
5079
3382
2112
4265
3179
4815
3787
8096
6326
3160
8144
8630
5911
8774
8500
8400
8176
8804
5219
4846
8092
8268
4938
4665
6188
5822
8584
5808
241
2970
2138
295
2254
2219
1190
123
1621
2222
2173
1216
2777
2013
285
239
1218
1091
106
1163
3637
2679
3154
4432
241
3361
2857
4395
3220
2603
2747
1357
759
2318
3269
1880
2783
3202
3002
4631
8282
3448
3022
2941
3377
6331
8674
8280
4960
3050
3058
806
2899
3027
7890
5468
8218
8736
8668
8632
1899
4200
519
629
2183
1752
2291
3406
3449
554
486
2444
5841
170
193
2233
5536
1886
471
1509
3337
2144
2025
2312
2912
5829
5658
2325
3374
2529
629
3757
2402
2310
2276
2494
2325
4374
5619
4643
5336
8518
6173
7598
5965
5808
8322
5513
5805
5472
6275
6076
4563
5543
6003
3669
5474
5469
3865
562
3870
1063
2197
1817
577
439
1861
1671
5946
740
1364
3646
4939
5278
1593
3620
2625
1761
3937
4543
2843
5294
2571
2823
5687
1723
1676
3119
2759
2813
5212
4603
1895
1872
3615
4375
5147
2389
2874
2857
3113
3200
5786
8612
3127
3100
2775
4358
4422
3017
3189
3096
4625
3838
3229
3237
8034
5678
3064
3237
1237
6299
1046
2023
2537
657
1536
533
1142
5895
1593
1815
549
521
1903
3779
1904
1713
1100
973
3155
1855
1545
2006
2339
4595
2069
5715
2001
1748
1948
2822
1749
241
2065
1685
2189
5611
2018
561
9114
9504
4154
3861
6073
4139
2317
8800
6553
3120
6291
1654
4779
6731
6493
3178
2266
3035
3534
2323
2568
772
8528
2486
865
849
1324
938
931
4539
8758
1097
2139
972
9010
6296
897
4943
531
4085
4117
8634
3982
3613
1451
825
822
8592
3535
8246
3849
1004
1299
8740
2742
1390
3614
3913
4770
2372
8886
9000
9398
9230
9318
8736
8844
9610
9162
6168
9592
9258
9070
6476
8980
8930
2819
8658
9254
5078
1543
3821
813
1561
1643
3430
477
1977
989
195
8246
1520
2635
4828
4619
473
7804
3516
3379
1412
8464
3459
8558
3501
1525
2877
8214
4841
984
8600
8634
1120
423
3572
8536
8794
8432
2096
8296
4817
4620
6299
4707
8982
2436
5769
8938
5793
5997
8562
5545
4268
8948
8692
5520
6386
3294
1557
6065
3867
4164
577
1770
3754
1109
1151
2014
3584
1197
550
3749
1168
1898
5841
612
1778
8018
563
8026
3560
5314
7936
8394
3219
5708
2909
3688
5315
6071
3338
3596
3146
3651
1878
2880
8756
3742
1932
2579
3717
3705
8838
4969
5800
5863
1321
8936
8786
3381
8224
5765
8564
3746
8428
8490
8430
3608
5457
6182
8330
1212
3022
1167
1512
1148
3237
2353
2794
5072
1097
1018
1303
2278
2471
2012
2310
627
1821
2878
2382
2821
536
8852
2982
1486
3658
3217
3029
3897
2302
2152
2248
4223
2534
2350
3034
4143
4979
3047
3195
5271
9030
4168
5400
4310
5259
5505
3877
5372
8556
5839
4564
5663
2423
5515
5461
5437
5205
5551
8350
901
1133
741
8660
1775
304
816
908
9034
862
1406
925
783
1107
308
1029
942
1544
882
1337
1064
2309
1294
3103
2178
9196
1263
2872
1110
1001
3721
1937
691
3349
1022
3889
1889
2976
8698
871
6004
3621
3401
9474
1716
4547
9430
1329
9304
3295
8764
5462
4146
3785
1604
3721
9130
9376
9606
9240
1321
202
305
434
1205
5800
452
711
7982
381
809
1187
195
301
1905
305
803
765
385
171
762
6011
1239
8658
3415
1147
5589
8274
1336
8174
6009
6171
5945
756
673
8526
1101
765
4394
4203
8356
9050
8922
8872
1147
1290
7978
8792
8498
4292
5101
1434
3760
8678
4160
4137
9034
4853
5068
9088
3263
534
3623
1085
3567
3327
2319
2073
217
201
8048
214
3884
2303
2307
2356
2268
304
3784
219
8240
2598
7962
1172
2867
2278
2319
2479
4004
5006
8458
4129
5005
3225
5670
2405
1752
2381
8344
4889
5916
2241
3547
6241
3831
3355
2883
3557
5151
4314
3205
8186
8990
4461
8162
5114
9076
6158
1000
8696
970
2351
1677
1234
2313
1526
2318
1114
1072
2285
2437
1204
2499
724
1297
2351
1863
865
2472
3516
2484
4684
3870
2352
4762
7790
2319
3174
3494
2545
1438
2740
2634
5744
5717
3320
3351
4143
5959
2395
7880
7860
5342
5903
7012
7804
4815
2139
8162
1563
4983
7816
8432
8088
6302
7762
7838
8284
5937
5657
5890
420
411
3682
5809
1043
3245
507
2318
2363
874
881
3616
1009
475
936
2330
975
1548
3592
1149
9066
1231
5389
885
4024
996
3640
1018
8664
3909
3763
1440
4347
1277
4210
5834
5534
4966
5451
4144
8812
8498
9040
9122
9108
6643
8428
5529
6327
9470
8846
9332
6871
9356
5449
8620
5915
6212
6557
3219
2096
2000
2069
2042
8092
2723
2105
2011
1212
3995
197
2211
150
4271
2051
2921
2107
2108
1797
1741
893
2203
6238
8444
2547
2431
1975
3712
6461
3847
4228
4072
1702
1274
2092
2103
3248
3068
2143
3261
9000
9170
2213
2428
8706
6728
8622
8782
9176
5779
6387
9054
8270
8496
9150
9150
6055
8916
2292
1678
2164
3701
3835
1014
8800
1155
111
2181
5679
159
135
6093
5747
1052
947
3684
124
1086
818
8438
1064
1129
3935
3789
8708
3765
3700
9052
3820
8836
4106
3833
4567
3851
2925
2512
1219
3027
1739
9176
9188
8960
9086
1081
6479
8544
9046
9284
4085
9594
9512
9290
9152
9370
9520
8570
9364
9176
9634
1101
646
685
1962
1955
504
524
636
822
851
1308
900
612
733
595
178
856
220
1986
183
1969
904
658
591
1439
2027
2149
1247
2342
1027
598
581
2287
626
950
686
2023
1321
2185
1380
8606
8512
2135
8508
5579
5213
2321
8374
3533
1268
1374
8128
2017
2163
4879
6218
6026
2567
8658
9240
532
156
204
474
154
859
148
257
171
168
567
161
207
219
2146
155
161
511
211
774
8628
917
206
218
3023
1192
1419
607
661
1329
267
1882
202
508
992
272
839
260
561
1030
5270
2059
3465
4514
3727
8292
3077
2067
4370
3476
2001
2441
1477
5456
405
2471
420
9312
1040
1211
2143
822
743
3433
4139
8100
219
8420
5128
5566
5260
871
884
715
4178
4560
979
1013
893
2571
915
3158
1346
945
5697
8464
4650
885
5227
3292
733
6037
862
2001
5247
1987
1947
4528
993
1948
8674
5084
9166
8408
9182
8864
5181
1974
6162
9446
8814
4924
2032
8878
9124
8692
5905
4293
8770
8650
3569
7782
126
2977
1737
2173
3243
647
1253
5433
4088
3304
3659
5703
1925
649
1865
2238
2193
1580
3451
7986
8230
622
3375
8586
5192
3366
1837
6109
8306
8256
1308
5061
1957
1301
7828
5096
8182
2009
8840
8416
4417
3967
8418
5124
8448
8392
8648
8308
8408
3261
8732
8480
2599
8668
3058
8700
4504
8568
8734
3913
1946
6500
3706
209
2336
3759
3011
2018
1146
3580
2135
4717
2438
4172
209
3848
5603
9400
5588
4168
3775
4337
5619
2018
9316
4096
673
9162
5897
3566
8918
3969
3957
2254
3924
8932
3629
3844
9388
8644
9710
3205
9590
9026
9580
8748
9102
9692
9418
9726
9346
9520
4330
9936
9882
9566
4083
9568
2597
1661
1308
3875
636
2410
655
799
640
711
1249
2031
755
2979
4527
670
2076
673
2780
711
8216
1707
8272
8122
3025
4215
8482
3423
2251
1823
5191
2095
781
1261
4769
4602
1852
3414
2091
3946
4387
8882
8434
2104
5075
4311
725
7632
7368
8658
8246
8072
1609
8360
8970
5388
1258
1261
2792
8982
868
605
2425
561
2185
7646
7414
2497
2383
597
1494
2143
2130
4072
580
483
555
546
199
2312
895
2331
4775
1579
3422
5401
2199
2391
3477
2641
3766
2303
2139
2429
2092
2849
8128
2312
4260
4401
2823
2369
5234
2620
8730
2301
8510
8572
8474
8504
8664
8240
3352
8380
8548
5221
8610
1330
8388
8094
479
5768
469
877
736
428
3131
471
8214
2340
1255
171
468
943
180
2091
8788
217
120
471
4079
4401
6176
6678
3645
9070
415
3671
9332
2324
8710
3375
3048
378
1805
2648
801
9038
9090
2786
9592
9100
4997
7067
9512
2378
6236
9060
5414
9460
9708
9720
3851
9550
9342
9674
9482
2852
3987
7395
2432
8304
2726
2541
1306
8330
727
2964
8462
1886
5015
1800
964
5709
2491
1256
2544
1361
3137
1331
2904
8268
2622
8178
2501
8648
8408
7186
8110
7910
4669
1491
2776
2478
2953
3074
8652
2888
2012
8798
2043
5785
9050
9292
9354
9072
9046
9060
9198
8778
8946
9142
7218
9120
5221
8722
8736
8958
4257
9176
499
684
2168
695
578
5741
2399
2316
5662
2219
8636
483
2161
2162
1268
2329
6698
1214
1037
4992
2444
4505
8836
9318
9450
9058
5447
3006
2251
2244
1872
7225
6711
9296
5902
9058
2191
9360
5174
6623
9468
9308
8864
9644
9578
9668
9470
9174
9606
9602
6306
5659
6433
9390
9566
9490
6814
9116
9546
9866
844
2330
829
815
692
1482
2083
5678
671
814
4079
338
812
1397
3866
4036
277
709
1367
3826
1407
2830
5372
4542
4200
4917
838
5433
5141
944
4226
2911
3631
909
3865
5322
3907
847
675
2048
5677
8856
5408
4134
4048
4903
8580
8716
5680
4045
9128
5727
5435
5824
2919
3827
8930
8848
9168
3231
1471
816
981
3816
731
771
7842
7546
3594
826
4828
4786
502
1526
3604
460
1619
1586
8048
1521
8036
727
8330
8302
1200
2878
2401
1426
7812
8190
2234
5102
3909
819
1642
2804
8170
5185
7672
5157
8370
8614
8108
8300
8644
8770
3966
8818
8652
5161
7870
8184
8240
6234
8136
8208
5046
8284
8254
8544
191
702
760
8318
192
157
1883
7944
145
152
854
200
150
126
141
201
4680
5159
3658
2719
799
626
5047
8704
1148
2200
784
574
8632
611
756
761
8328
588
2168
7984
4509
5483
1986
858
9206
780
778
5181
8510
6103
3541
9008
5473
8484
5140
4478
3314
4774
8728
8776
9084
2510
1720
1841
4700
2239
172
3433
946
3429
1113
729
2843
388
1077
381
709
8256
338
4737
3421
2101
8238
393
1003
1695
3435
875
8940
1187
3498
1387
2735
2005
2165
1103
1102
1861
1235
1881
1620
2044
2231
3871
9018
8498
5049
6012
5999
9090
8286
8474
9184
2167
9138
3735
4582
9156
6081
9048
8956
9094
8874
5889
9022
2342
1186
794
3419
518
218
1553
869
224
2691
1763
444
442
4127
918
6150
964
4322
127
1699
2796
6016
2804
1746
2684
1570
5755
2836
1628
1708
1024
1676
4199
2822
8624
2472
8764
2946
1694
8856
8204
8112
8534
8568
8732
8234
8702
8858
4433
8484
8918
3903
8402
4217
8328
2482
8604
2443
8856
1913
1719
1960
1918
993
4373
563
1519
1010
1964
1149
1599
1697
1995
990
1442
1167
1071
2035
1835
989
1090
2143
1999
1989
1942
8634
4965
6005
2060
6139
650
6324
1443
1098
1583
1874
2095
2137
1614
8650
5804
6470
3267
2162
5782
9186
9586
4500
1137
3856
7153
4661
2024
8782
4243
8762
9000
6515
4335
295
1155
266
264
1447
1060
455
3518
4043
503
325
568
455
517
418
457
3942
321
844
3636
4002
1532
244
6511
8948
8908
2101
8852
6007
1187
4470
2114
3802
3964
1252
6021
3603
2040
3342
1171
8978
8792
9524
6433
8998
9620
6546
4973
2744
9586
9120
5350
8754
8954
9076
9086
8858
5886
2430
2619
3046
644
1313
1857
2200
5576
1053
2235
1679
7576
1799
3211
379
1228
2117
2308
3351
3259
1593
2305
2408
2694
1160
3322
7984
3243
3818
3211
7820
2392
7680
332
1060
3549
2395
1152
2013
1589
1031
3064
7830
8382
3298
7896
3223
7796
7796
7666
7780
8104
4100
2876
1765
7870
7978
8066
2388
4134
8182
8396
2789
4025
5740
3396
2893
576
2619
532
528
626
593
765
1084
3245
871
7620
559
746
3105
5603
8064
5711
6122
7964
8182
625
7858
4285
4425
3383
4753
8448
3033
8332
2635
4403
1939
2648
4557
5660
4226
6012
8520
5571
8094
5673
8480
8476
6353
8860
5737
8882
8544
5483
6125
8478
3001
5978
6677
4471
1607
4426
2494
2877
815
2386
2575
4651
2867
3110
1832
2353
1770
155
5304
5385
750
3028
2326
4593
3934
1608
3639
5670
5126
2786
2533
2886
4892
4064
2523
2872
3050
3149
5422
4179
2438
3175
3886
3399
4919
8182
9350
2869
9370
8996
5087
6155
8628
8846
2586
5753
4272
6017
8860
8904
5673
8272
4426
8782
3071
3521
959
1284
2995
5212
3066
723
692
1948
3938
1070
2053
2972
885
908
3418
4334
2774
1874
8256
2494
1814
3741
661
8358
2352
3271
1836
4184
3587
1713
2788
1985
1297
1873
1881
3396
3670
4184
4855
8834
8920
9014
9064
9070
8946
8814
2040
8954
9220
9094
8860
8492
3286
3344
3062
9030
8504
1920
5282
1287
1497
1968
1332
2113
2125
1376
2183
2042
2324
1149
159
1130
2016
5380
2011
1542
1222
8032
3264
1996
2385
4850
2298
2332
2232
2043
2306
2076
2663
2700
1111
3473
2118
6160
1969
3902
3535
2386
9172
2606
8978
8652
9108
3791
6320
2271
8694
5738
8724
8146
8722
8734
8906
6927
8846
8888
5290
9074
1427
3795
3735
3075
2738
8178
2706
8356
829
2013
1430
1247
282
2710
1075
1053
188
525
1853
3594
2470
2666
3813
3969
6096
4030
3847
3810
2366
3896
1327
3332
3539
8278
3706
4648
3794
3821
3176
1676
5808
1762
8286
8908
5256
8474
1500
2943
3530
9200
8224
8884
8704
8968
3771
2230
3827
9048
8500
3882
686
655
793
735
442
631
710
715
769
640
3613
803
740
758
569
763
865
688
3505
2527
1817
1175
5803
418
1240
4616
2969
3182
2890
835
5795
709
3007
2995
587
687
5961
6409
2437
2993
8468
3029
8488
8832
5714
6699
2788
3907
2073
6462
9020
4102
2591
9152
2590
3683
4850
5487
5365
9120
1687
465
4475
2250
1127
8740
8336
174
8366
5792
453
1896
169
175
2752
1083
4867
8360
3082
3350
2445
5031
8880
3226
5971
8556
4892
1942
2622
3750
8462
2828
8834
8474
5113
8436
8618
3949
5346
3754
8796
9088
9278
9214
9288
8952
8714
8396
9394
6193
1930
4334
4992
8934
9010
8980
9024
6371
8824
8938
1564
442
2212
1030
1306
1399
1371
3384
4386
1582
1542
1190
3124
695
3691
122
6297
666
1481
1573
8334
1534
1465
1456
1262
4112
765
2968
1641
2582
5032
3015
1632
1542
1589
1571
1225
4072
3450
8090
8078
8080
8884
1509
8538
8358
8642
4448
8604
8468
8784
8398
8326
3484
8158
2495
8558
8666
4590
8428
315
468
434
8512
3189
1290
289
260
200
3727
338
1216
1135
1215
1434
1299
4970
779
1144
1233
1250
1374
2491
3405
4224
4695
673
1486
8732
8750
1340
5439
390
5519
1081
2177
309
3146
3502
1445
3137
4957
2986
9490
9590
1732
9316
5987
1307
1379
9162
9456
2577
9462
4732
5824
5803
3577
6386
3640
1160
2201
2105
1394
1205
2259
1132
2006
2005
1916
2221
2255
2056
1989
2023
2161
2113
2235
1102
1835
4015
1105
1827
2851
2016
2099
2230
2111
2357
2373
1377
2081
2213
2001
8564
2300
2216
2258
8846
2292
8648
2469
9154
2685
8774
9224
8834
8694
2827
5946
2608
9420
8484
2078
6778
6879
2128
8960
2297
9306
749
658
704
8278
977
1149
8058
765
1013
3524
8100
2065
1914
257
249
958
3153
293
574
807
5097
4066
1640
4296
1144
3794
4182
1191
1959
2446
4081
2952
2276
541
960
5918
4595
1134
1027
2161
4207
5269
5017
8482
4079
2973
9022
2490
5359
8342
3225
5060
4052
4101
8632
9104
9280
9250
5364
4785