1510
3232
122
2291
8446
1028
120
109
1042
371
407
3849
4456
376
1943
2331
1034
1025
773
1824
340
7251
2708
1701
1953
2479
6113
2322
6977
3941
2262
1562
700
2395
4892
8834
8744
7191
1061
4978
7510
3919
5153
8872
2209
8802
9220
5382
9038
7259
9426
9150
5567
9180
4538
5681
5280
8866
8934
7158
1122
173
1824
1530
1213
776
590
1885
771
586
1578
93
600
644
1115
873
1590
2280
472
849
2751
653
675
2399
794
2358
1629
1563
2068
1086
1033
1685
2568
1165
2324
2009
2006
2422
1885
1518
2511
684
2674
2448
6787
6070
2229
1109
4033
6062
6093
3710
755
1423
8388
2364
731
649
4670
3047
3114
1491
1475
567
3070
1487
1526
5448
115
2302
6066
4837
1214
5202
5393
100
1375
955
2795
3053
6011
4532
1777
3606
3125
3774
2093
1323
4763
5763
1535
4379
1477
5901
1613
688
1519
1443
2414
2225
3397
3591
3467
2224
2193
2954
6104
8632
5198
8384
6890
4388
4822
3618
4658
5538
5239
5067
4541
2312
3082
8414
948
4299
882
385
5371
1049
3645
9254
5053
497
2899
2943
840
4072
2480
3153
2884
2342
1099
2917
1161
4893
3008
6308
5261
7028
328
6690
2599
9064
5557
2973
4136
2350
3991
2939
5129
2550
6523
5763
9144
9246
5193
5093
5098
6131
9104
9114
5233
1835
4200
7143
5085
8810
5290
5084
8926
5113
2124
204
1142
4180
1908
4230
1122
533
1188
1271
1220
550
4294
987
1249
1120
1340
1343
2943
1016
4200
1376
1955
2092
7716
1898
1305
4302
1293
1873
1343
5794
1339
4284
1852
1011
2044
1431
2027
2923
8390
8416
4655
6666
5172
3158
5707
8436
5895
6506
8594
2926
4193
8302
1955
2280
8336
6380
4527
1770
178
1370
100
151
265
776
216
209
203
161
2547
644
1036
98
1056
129
209
737
1141
621
738
609
4145
2554
2495
255
2500
1036
2721
2557
1122
5507
1467
272
5091
210
1392
313
675
562
8696
6280
550
415
8956
4943
765
1602
957
8410
8876
7291
8244
1478
2700
9002
2240
6308
8610
5294
194
2211
908
306
414
4486
1831
587
390
8422
257
1253
5039
233
400
429
2927
6166
1734
493
1314
3039
8454
5016
377
1753
481
357
8126
8294
8470
2151
2089
3045
5336
5884
5273
383
8296
520
5149
1634
8354
8946
8458
4588
8618
8506
8842
8700
8844
8922
8866
4860
3034
1877
9170
8960
8770
5040
5668
4228
1491
50
989
1049
2307
2209
828
501
565
566
538
1785
1231
707
1535
1615
2134
2718
4243
711
1069
1154
870
5880
1879
1153
1096
2880
4007
1449
4501
1123
1769
1824
1740
2534
1655
8250
8600
4644
8828
1163
8692
4736
1753
8540
8900
1448
3193
8734
4889
8576
8678
8258
8500
6819
6646
5828
807
1445
3996
331
313
4746
4025
3797
342
1470
5479
8804
4018
747
4401
5920
1425
4019
769
3988
4577
4438
8650
8538
1232
6053
2593
6829
4064
5330
5799
3921
2605
4067
6669
4312
8728
3674
1358
1358
4815
8802
8774
8904
8690
8542
8238
3954
8752
2489
8698
8542
8828
8978
3892
8788
8988
3983
8674
8968
168
151
138
2237
3733
273
294
1162
3808
248
1154
9060
3805
3644
1199
164
3890
341
2355
1014
2456
302
8562
7247
3380
7261
3810
193
3732
6329
3953
2236
560
3792
3632
1066
586
2944
189
3946
8628
4025
2937
3947
4022
3651
5133
4048
8870
4151
4074
3978
4044
1827
3743
2369
4040
4159
6240
4084
325
2686
364
3348
3910
166
1286
1295
4411
201
1959
6161
4622
375
518
1974
1257
3583
118
2701
4233
6269
2204
3395
521
4853
3906
1796
3404
2749
3550
1865
1943
3666
3751
2611
3451
2127
9046
8738
2835
3530
4669
2900
4576
4677
5868
4545
3812
4631
5884
8918
4679
4584
4520
8728
6979
5899
1165
8936
232
1880
2881
1860
208
182
220
1172
106
229
2253
3903
223
209
222
1842
197
1274
218
148
2929
4098
2813
2357
5254
4504
1777
2775
2672
4036
1977
60
8014
8160
1259
2841
5232
2360
3427
1609
2876
2695
4066
4551
2857
8378
5906
8156
8404
8216
8004
8050
4025
7910
4169
4840
8144
4167
4116
8494
2191
2165
510
116
97
487
571
573
117
3611
763
1416
1681
525
407
1381
1378
3688
1980
2467
2943
2074
2231
1927
937
2211
1928
2108
4529
3729
2679
2538
2670
3345
2125
4618
1054
2122
3439
2145
2435
5068
6124
8780
3542
2023
2357
8594
8830
8814
4540
3795
2267
2570
4548
6189
8590
8850
2704
2467
59
100
42
92
6949
4822
425
196
419
2200
153
1213
79
8318
4756
105
1317
413
403
2067
1232
2508
4533
8050
2510
687
8518
2273
2140
1377
5713
2438
976
360
931
1385
2403
1577
2677
1436
1618
8308
1563
1402
1682
1590
1693
1678
1511
4734
1694
8208
1643
8574
1625
1679
6533
1644
1701
1425
1270
244
203
882
325
293
856
339
1150
3555
4102
332
2053
4050
3844
1203
8288
4593
1104
343
2211
4569
2225
1542
8726
1201
3175
4077
2104
2144
8414
3961
1114
1225
2096
3724
1052
2023
1196
1489
1451
6224
3121
8704
4020
6614
8496
8598
3367
8324
3588
8404
4683
4500
5476
4591
9010
3384
4872
3623
851
1971
854
1972
2771
748
1864
6587
1869
528
1538
857
1529
1702
851
837
1259
1670
856
2431
803
763
1804
1565
800
1867
5181
3521
852
1206
3151
1614
805
1809
705
3483
1761
2336
3272
1414
2851
8142
3490
1718
8290
3469
6188
7974
5386
8650
8792
8274
1953
5458
5772
3534
6501
1850
2650
3622
1657
72
1812
402
913
337
1787
2911
1295
1498
1864
100
126
1206
3023
2315
1904
314
136
2276
1519
6747
3625
1146
2306
1086
3497
1139
1459
1843
2175
3069
1523
1773
2143
3039
1511
8468
1993
519
4193
8626
6718
8124
6894
7654
1557
8902
8830
2835
7986
6862
3146
2003
7798
3984
4409
3487
8724
8522
145
177
109
780
115
1103
761
447
442
231
138
220
225
724
141
144
999
1701
209
1275
2752
1068
413
3054
408
1619
8004
1206
2972
3186
776
1798
752
704
1976
3583
385
919
387
4156
2089
3177
4336
8586
8370
6144
8420
4312
4502
8438
1644
3772
4114
4491
5902
6465
6042
3699
8410
6791
6732
6703
115
1520
143
337
928
148
5660
5365
326
932
967
1372
90
4591
120
304
122
3669
6895
816
882
5696
4076
3229
6702
284
1196
8618
347
2033
1532
348
5662
4959
894
3210
6536
8680
7014
9148
9320
9300
9370
9560
8904
6780
8940
8814
9346
8868
7159
6924
9328
8924
9242
9042
8620
6697
2441
861
2454
1437
1652
2183
1261
1096
1544
300
1093
1490
1657
1587
1602
270
1464
2433
2540
1465
3524
2497
2448
5742
1603
1404
3695
1484
8924
7005
1614
4188
1604
1464
2106
2197
4699
2086
2588
2615
4641
8912
2558
9290
3392
9274
4406
5358
2619
7426
5780
6813
8768
8890
8896
6618
4756
2539
4289
9134
4093
4291
307
323
798
338
791
325
3861
233
1628
234
2305
307
1682
328
5045
1615
1626
1651
3910
1385
1638
797
2644
2426
3719
3356
1752
5131
2758
1744
1528
3967
1671
4405
2312
1741
1565
4396
6165
4141
4343
4362
4425
3532
4483
7212
4454
3407
4299
3553
5416
4301
5462
1840
4534
2201
8918
3803
897
3395
1
124
157
919
923
826
1488
58
5236
863
851
717
687
1010
784
143
908
134
2008
1380
2502
954
8842
8812
1701
6876
5959
1377
4223
8516
970
1953
8836
1578
4450
4289
2380
3286
9000
8846
8914
8912
5993
8834
8994
8738
6937
6339
7529
9020
8960
8788
8994
7329
7321
8816
9142
8846
2062
6280
1219
1607
6603
4184
5189
940
2957
139
116
5402
413
2045
119
111
109
3864
381
3428
6767
3004
8500
3240
8736
3350
8564
3998
8564
8582
2119
6083
4191
5565
2138
4297
1617
6162
5413
9052
8788
8826
8774
6120
8676
8486
9010
6305
8928
8630
3630
5995
8726
6908
5879
8428
6979
5782
8956
8988
267
442
1128
2249
2042
6198
1109
2658
984
2485
238
1690
2755
1861
2877
1449
449
1016
283
1855
1792
3594
446
1136
7269
1965
1155
1940
4502
1823
6149
8966
2137
7221
1999
6053
6184
1783
2540
4506
6381
9206
9068
6451
9226
9380
9272
6959
7047
9360
9176
9058
9280
9194
8998
8998
9150
2628
1862
9206
1232
1929
1818
1815
504
533
1750
435
1891
133
1931
505
130
473
971
506
495
400
4254
155
1681
1900
5902
3750
423
7099
1742
3703
8444
4306
2137
2179
8804
2211
3468
5819
3498
8650
7622
8502
6436
2619
8306
2701
2812
8734
2784
2672
7454
2896
2785
4818
3818
4366
3919
3931
7718
7218
3431
6691
3192
114
118
888
3406
1469
531
913
482
153
1130
1249
910
2878
1017
3192
1129
2669
1551
3744
1901
3256
5190
2903
1210
1771
1851
1273
3207
2584
6832
4156
1378
3197
915
4214
1011
4020
1033
1001
3720
8938
6169
3188
6557
8316
4996
2803
5084
5252
4097
5945
3087
9134
9116
4516
4038
8626
9300
5219
1255
6060
752
5494
139
4040
3909
2016
5847
1361
5359
3573
1916
4062
96
3056
388
744
1128
1506
1277
8234
1499
1781
6571
762
2060
6399
7954
2091
801
5448
6508
1800
1285
6631
6594
5877
1331
3693
5017
7882
4170
8100
1886
7800
8224
5694
4133
4138
4886
8268
5094
8368
5750
8348
3979
8240
8122
8158
397
439
1911
894
6795
2034
445
202
895
249
2082
4439
1850
1017
2018
1020
8294
1823
242
4740
1470
925
5773
6546
1106
1501
1748
8380
8538
267
8568
6415
1365
1090
1010
3804
5944
461
1989
850
4788
8428
8768
8456
8370
8542
8874
8214
6389
3135
8634
8796
8480
8406
8888
8550
8796
8588
7221
8040
109
381
7954
381
1534
1517
126
328
1368
446
98
3603
2201
449
1636
94
734
100
446
147
4756
2259
2430
3119
1858
437
2997
724
5261
382
797
2391
2311
2917
2443
382
381
381
382
6714
8434
8354
8090
4058
8086
7940
2560
5762
6752
8068
6442
4492
6542
3820
5499
3260
3881
1196
2215
3302
630
617
5938
257
2131
2084
976
333
230
257
2418
2894
2447
317
108
758
184
923
173
3404
1910
1892
439
479
4606
2035
206
8456
3374
8414
5333
2052
860
3853
322
267
3930
3759
2035
4541
3533
2810
4465
4798
2684
4759
4298
2378
9216
4463
2225
4312
4284
8878
7420
5381
1847
7689
845
1805
703
706
704
193
239
231
240
744
1119
795
1875
706
449
762
226
218
705
571
234
138
595
3722
1426
708
8112
2781
1636
1064
4629
3119
632
2557
436
987
1945
4163
2858
4340
5186
2131
3111
3146
2893
2914
629
3114
4126
641
3179
3165
3149
3103
2606
4045
1217
3081
3073
6539
3034
1071
1198
232
1164
1964
2089
1953
1732
464
4424
375
1255
877
940
483
2241
295
2182
1605
3380
962
1042
1108
4046
3879
230
3796
425
1123
3599
5919
869
6127
2184
1091
1401
3630
3783
1997
3787
2066
1150
4192
1099
5429
1367
6403
5917
1161
4106
3771
8574
4116
3150
5114
1921
1105
6419
2836
2105
8678
1148
2237
872
1020
1340
229
1324
2706
3393
909
1734
2009
2231
1210
249
283
1157
1084
220
220
2353
1199
1155
2197
2430
5825
3326
4433
1752
1117
4739
1874
2152
1881
5151
2387
1753
5598
1819
8678
8540
1761
5699
5669
8670
9134
8998
1882
9088
9088
5275
9128
8786
1706
8668
4679
9348
7406
4727
9030
438
2413
1133
4756
1113
1076
273
1065
2525
1007
547
196
2199
4421
259
2408
1570
1476
2564
5151
2496
3274
2577
1474
1038
2524
2705
2240
2289
1243
2764
438
2737
2615
2668
2748
4274
2471
2734
2484
6112
3842
7201
7175
5715
8720
7112
7149
7325
7199
3729
8394
4568
8462
8844
8518
3731
7491
2806
8576
8882
1224
2353
2612
536
2131
539
2511
1361
534
444
921
548
870
211
233
4968
450
1919
3369
4685
1656
8430
1214
5943
1617
1850
5046
2593
4141
1268
902
1738
810
5062
3510
2303
5487
2281
5234
8426
8566
8520
4167
4582
8818
4801
8466
8234
6204
8690
8836
8590
8230
8426
4087
4991
5849
8480
4849
4187
509
1866
2661
6403
2870
2239
2105
3886
6314
603
8282
2609
2437
1822
408
2521
2655
8576
92
1327
3998
2651
2753
2035
605
1295
4634
4093
643
3894
4706
2622
2593
6027
2933
4915
4980
4756
1873
8020
9088
8438
8548
9064
8610
4831
8646
8696
5348
8472
8950
2701
8610
8818
6975
6623
8498
4683
2459
430
8738
1678
3821
2790
2739
6518
2625
6255
930
447
3169
346
281
387
6873
2125
891
265
2558
6596
3692
1448
5115
4213
1529
9480
4443
932
6409
5604
9164
6917
4866
403
4531
1889
2895
4705
895
9454
7505
6210
9274
4819
3323
9118
9394
9578
9566
9222
1910
5509
9518
9454
9634
9526
4134
9490
9392
458
868
142
2056
91
135
1518
122
679
675
690
6708
117
736
1548
643
941
768
2083
8470
2613
6493
2104
4709
1536
5528
8220
3534
1108
5209
2063
8302
7029
5977
458
4425
1933
384
937
5561
8668
2676
6927
8724
8624
3679
4431
8510
6622
6095
8610
8878
4985
8648
8376
6846
3714
8550
8770
8564
781
8786
2187
2446
4171
2207
4422
4042
1377
2298
3703
2323
114
1407
4992
3709
2327
2181
2165
775
2330
4312
1217
5639
8690
1267
3307
679
2388
4369
4148
2296
5268
9316
4609
4879
2366
2254
1305
2402
9254
4908
9364
3977
4724
6138
8852
8982
6698
3420
4935
8848
4223
9292
8906
4885
8918
9188
3656
2358
486
91
190
98
112
5433
2086
505
540
1776
148
5629
104
584
149
4281
138
564
102
144
3999
4321
3847
4388
2229
3616
4760
3148
4356
2160
3630
8936
1719
4724
599
5306
3826
3650
3769
775
3971
5398
8690
8908
5356
8612
3882
8870
8836
8922
8710
8362
3538
3547
3828
5975
9266
9042
9182
9218
193
675
1390
103
2460
195
3778
205
1683
143
134
209
140
205
580
95
151
86
69
98
7946
682
132
576
139
4872
714
3047
8332
3609
4325
1768
737
179
7852
664
120
3517
2037
2261
7780
3253
7680
8736
3355
6164
2811
3581
2884
5551
2715
8328
5418
8154
6410
8214
8328
8352
8138
8356
1279
118
4488
2332
8436
375
2524
771
111
2327
368
359
306
137
8674
375
1301
314
361
137
8984
8264
8150
353
2406
4649
3969
4692
2317
6260
6426
724
2421
3615
3807
5760
1540
4274
637
667
8590
2504
6438
1387
8080
9102
6173
8054
8770
8702
8452
8576
8424
741
8428
1307
1687
4961
8716
8690
902
7842
5479
5248
1874
938
4218
1000
106
1014
151
1006
1748
2133
3951
2353
965
954
1014
1030
5641
5063
1290
899
4521
2094
3952
4879
4362
4512
2217
5300
1702
1963
2099
4564
3940
4965
4551
4920
5603
8176
4566
4589
4074
4691
4723
4992
4623
5673
5264
4306
4302
4688
4547
5226
4757
5595
5185
4777
225
235
2729
3950
247
2828
253
246
205
1126
4783
166
1065
1165
1222
262
193
1794
1140
1672
5336
3507
1353
3720
8724
4950
5452
4262
4503
2941
2889
8978
3936
4999
5783
4397
5126
1391
2170
2874
6230
8848
5200
8824
3568
4462
8460
6180
5340
5450
5495
5455
8718
9006
5892
4850
5184
8948
4110
6358
78
702
5009
970
1314
3812
3586
718
860
2760
3954
2256
1832
1229
871
271
3076
4548
273
2707
3548
2243
3390
4541
3355
339
5690
6876
2200
3175
1871
3807
2733
1937
2301
4865
6100
5468
5026
4454
4580
5030
2059
3957
2716
8534
4643
8392
4569
8752
3702
8674
8442
4666
4839
4509
6949
6111
8526
8632
496
1543
910
5111
923
669
614
658
2373
132
308
1154
647
756
3499
610
6408
275
616
1488
8568
8390
1754
8676
2899
4421
1548
8670
4283
609
3116
6514
3216
2777
1433
220
260
287
2741
8598
6821
8832
8932
8854
5393
8828
8882
6295
8728
8754
8932
8726
8692
9032
9030
9052
8916
8458
3248
3861
2124
2244
1679
1118
1403
631
3476
3130
3759
4799
3353
4197
2388
488
3237
105
118
598
4465
2356
2709
1005
992
3628
6078
6856
8476
3961
3278
3184
2196
6412
5054
4843
2966
5011
4169
1498
4189
2700
1172
8376
5132
4611
4200
1133
8612
5642
8240
3677
2675
8560
2465
8526
3306
4625
3694
2160
5982
5137
2677
761
711
516
536
1459
588
427
519
502
710
1008
443
761
773
4028
4297
3607
707
431
532
971
2696
5423
4357
3926
761
761
3937
766
3535
765
1508
893
971
585
4511
575
5030
3808
4687
6231
8334
3829
4353
5512
6297
8468
1982
4307
3735
8070
8608
4153
3861
7992
4495
3911
3141
5527
5490
1462
2611
288
4173
297
752
1250
1078
3656
2554
3799
3245
997
704
3865
765
793
7118
2340
5153
5388
9020
2575
8956
3978
2478
7513
3408
3720
3815
9120
1238
8828
7646
7552
9278
2328
948
4175
9302
9050
8886
7102
9060
9142
9126
7452
9226
9522
3951
6541
9220
9228
9392
8976
8994
7663
6378
5848
244
1748
2138
403
422
632
1318
2671
409
615
666
2562
5772
8182
251
567
761
255
788
2515
1724
4545
2262
3806
3465
407
2542
4108
4395
3286
1811
2333
2164
1888
2046
5509
8444
4477
8434
2386
3420
5504
8876
6894
8860
8222
8368
835
8348
6244
2376
8932
5570
2239
4021
8562
4431
6100
3762
8356
148
5045
6459
2776
2400
1454
1703
1428
1791
3744
1827
8364
2629
1065
109
2792
2141
2352
2187
8890
1577
4784
3497
1971
3226
2802
1834
1972
3159
1722
3330
4964
1637
3874
2530
3111
3131
3241
4136
1721
2609
6171
1904
6648
9126
3953
5982
6329
8644
2013
1957
1937
1930
4718
8936
5547
1949
5655
6031
5892
119
1196
1352
139
1491
746
3502
2985
137
747
1402
511
1316
670
113
2253
132
1542
1306
499
3112
2286
3113
5932
4930
1248
1739
1439
1446
2993
1428
1391
1784
1398
4415
2496
665
1410
690
1468
1391
4282
4788
4985
1933
8754
4379
1405
8492
1376
1460
5650
1821
3188
2120
2883
4568
2209
4693
4443
5032
125
1908
1380
6764
609
1576
1235
1611
3361
1424
8554
3366
1914
719
92
2054
2149
1800
2056
3126
1567
2058
1573
1300
2317
3516
5278
8516
1452
1977
6682
6365
4135
2183
3218
3105
1710
1415
1943
8426
1785
8870
6230
8840
9176
6099
4099
6542
6375
8986
8750
8922
8988
9322
2491
9022
9186
9112
3440
2932
561
78
925
251
222
148
179
182
133
2351
4183
501
107
106
1014
106
90
94
966
1140
5376
384
280
2402
1082
478
5793
215
843
135
2322
8784
4083
4921
962
2135
1195
3285
1032
2333
5094
2539
9560
1012
9136
8928
9008
3893
4349
8898
9016
6734
9286
3715
4440
3916
4153
8882
3359
1813
3185
1844
4895
3612
3089
229
776
1941
2951
1851
2562
1427
8338
8036
5661
1744
1616
8380
3103
6484
3083
343
2964
4476
5170
3628
737
4703
6481
850
3538
2596
2752
5411
4802
5602
3567
5672
1417
8842
8722
5456
4553
8480
5305
6373
5662
8554
8408
8370
8818
8820
3015
8566
8460
5473
8376
8326
1860
3862
5563
1847
266
1575
5524
609
1079
602
757
5500
1111
589
300
1083
590
780
1201
2766
2196
1893
6279
5670
2511
1939
3205
4751
3484
2467
8196
5663
6284
3005
5810
4030
3139
6168
3961
2844
5644
8852
8662
8620
8346
2359
8382
8556
2094
8374
8060
8592
8372
2969
8326
6787
4050
6322
6149
2827
8448
588
665
356
9376
2856
519
3216
301
270
453
4800
917
1794
2427
692
2155
749
685
359
815
9268
6327
4910
559
1803
883
572
1007
8752
283
4597
1778
2509
4368
9076
2342
4778
6658
1838
4615
9584
9498
1477
4899
4897
4967
5113
9212
9294
9744
4906
6395
7093
1753
4921
9564
5432
7183
7086
9358
1800
5281
3497
8260
5641
8138
5197
4953
417
1521
3696
32
7790
7700
118
7442
6104
5345
128
4134
5084
5412
798
8226
4661
3382
8252
4859
8272
5505
8132
5641
4789
5736
3215
6351
8424
419
1696
8434
8160
8394
8572
5444
7928
4962
5260
7662
8496
4973
8146
5652
4763
8214
8118
5686
6863
6305
5375
8492
175
211
613
735
729
176
481
3002
241
3905
725
616
1867
1782
267
245
3270
5042
2389
628
1466
1106
8520
1202
1238
673
1163
3617
616
1673
629
3222
619
1190
1346
3382
761
4753
4148
2816
6863
8692
5277
8998
6618
8050
5864
650
8388
1480
5198
4479
8256
7065
5787
8764
8542
8170
8164
1202
1164
3975
5104
1112
5063
461
1162
6871
1082
1117
420
1235
1106
2621
1165
1130
707
100
5255
3043
5050
5417
6513
4461
2312
5954
695
4763
8306
5319
6783
3846
6477
1627
2551
5973
1599
3564
1055
3384
8826
3921
5080
7537
5678
2540
1723
4812
6894
8278
6997
5150
4952
4445
6505
7569
4987
5037
4111
6591
1332
4345
5405
316
2206
1495
1498
1488
280
7115
589
362
350
3142
1471
4468
5502
3118
1780
9004
2196
1766
631
2163
1712
1775
6024
8862
2142
1626
626
7059
3607
533
3945
5550
8984
7131
6757
1764
1468
6529
4539
2241
6902
4248
5488
9224
3033
3221
6781
9262
5315
7210
2287
8912
5659
4317
8666
9260
710
609
8808
6765
720
2850
4657
260
1625
388
605
2076
609
2260
264
1238
718
668
383
4104
720
8524
6661
380
4483
8342
641
4206
4300
3818
1812
654
700
8256
1804
8882
1339
1704
3487
3874
5072
2630
8570
7011
8432
8876
8838
8874
5036
8724
8500
8254
8744
4322
8502
7104
8672
2328
3961
8842
350
3566
3306
836
191
353
999
869
187
999
348
922
266
356
2636
8512
854
2921
636
191
874
8098
2603
2706
5023
2461
3307
2507
1020
1218
2709
2753
1907
1008
8524
720
2874
1384
4704
1912
8216
8740
8588
8542
3534
4973
8482
8632
2476
8820
8916
5938
8772
8494
8802
7986
8624
8578
6170
4283
1689
1677
1601
1635
5781
1668
873
7307
2122
800
1635
58
5285
840
1888
1573
1667
2198
851
966
2617
2371
1682
1561
9818
823
1998
7440
3666
2633
1965
2387
891
3855
6220
1686
5892
1711
5844
2182
9518
9106
5709
4401
9424
7819
9296
9618
9594
9762
2613
2537
9456
4995
9564
9426
1755
9750
9406
9644
6437
7964
160
4826
67
223
5702
217
220
171
225
751
701
3298
4713
3418
217
225
225
8008
4850
1789
3339
1248
2475
356
4328
3834
7818
7836
5619
3341
8042
4519
8048
3207
3819
8062
316
8364
8260
8564
8492
1227
6533
5589
3987
2661
3759
5431
7986
3842
7890
6326
6099
8210
1132
7980
1783
8202
4831
1299
1787
2918
2097
300
771
213
5720
1099
803
141
2159
748
743
6719
113
153
2537
1206
2898
4101
2832
5772
2321
2071
5567
8722
2300
8166
851
5425
5859
7828
2292
1088
2091
1991
5483
853
8544
6092
5489
8868
8552
4095
2374
6046
7081
8332
8634
8014
8284
6074
4080
1269
8676
8206
2319
6260
2422
1728
1767
1489
1422
1443
456
1820
5811
907
4325
1485
1616
481
3799
942
1800
4112
1850
441
1991
4203
8908
894
5756
1640
2074
4579
5063
9096
4928
3765
3787
6942
3696
7516
1886
9354
3458
4408
2371
9682
9584
9558
8996
9360
7610
6450
9326
9212
5333
9624
9262
9578
6313
9584
3539
9450
9630
5827
8304
2545
591
652
661
700
657
660
749
3070
3134
699
3294
1459
569
4436
662
771
638
8232
4228
3435
6634
1062
647
2121
2144
2674
3148
3311
7976
2914
7994
5626
8144
2138
769
5821
1063
5737
3033
8034
8468
8172
8000
8066
1992
6792
8314
6690
8240
8468
7968
2647
2680
6085
3772
8678
3482
4485
4748
2743
534
4922
1163
1157
1593
4593
140
473
126
137
1602
1162
1166
1520
4775
1447
1595
3254
1611
448
612
3378
1193
2812
3861
4984
5129
1610
1337
1497
4187
2993
6453
1593
4531
4709
3025
4697
4975
6803
7204
4896
5580
5073
5392
4668
6490
5662
5398
4802
4807
7533
5524
7133
6455
4615
5780
4868
3866
2669
480
2671
82
148
1741
2366
477
636
2543
929
532
1040
1043
138
169
169
1315
172
4167
2652
2254
1655
6217
2143
987
6038
627
2657
1819
3800
5999
563
2543
3582
3616
1180
1009
6413
4181
5267
6285
4965
3804
6115
8166
2717
3343
5898
6512
2726
4010
5016
8146
6568
7664
7878
2742
5213
8342
187
735
2064
692
854
1579
3903
3683
653
2544
612
256
1959
8686
2781
3559
3720
304
649
8820
818
4791
2005
3297
4624
721
8478
3306
1862
2040
2748
2900
4762
3157
3964
2571
4335
8598
2878
8748
9022
3951
9018
8936
7472
8774
4135
2874
2011
8842
8930
8856
8800
5487
3976
8718
4303
9136
1768
98
113
3911
591
161
224
171
865
2865
84
5907
2834
2849
3425
116
4666
116
205
153
211
5128
5277
790
682
725
3956
2776
2876
7134
2548
2818
4584
2857
2809
4262
1603
2921
804
4656
1636
2818
6650
6815
6937
8246
6525
6275
6785
6908
6604
8396
8542
1063
2876
6517
8968
1877
8664
6087
6428
233
3317
4836
236
290
266
4805
8868
655
701
3612
247
3657
8608
247
5672
4373
5573
544
571
4355
3199
8718
8364
1400
3819
3579
695
8648
779
3652
6133
6316
3047
4153
6453
2483
8752
2952
4497
4570
9116
6532
8768
8570
8682
9110
3805
9174
8666
9170
9118
8820
9000
6524
8926
8960
8850
8886
8714
1148
2152
1100
79
1073
1155
1197
89
1207
1171
1222
4355
1215
1209
1069
1131
1033
119
1273
1083
3539
4991
4476
1078
5287
1978
726
1768
1178
2640
2909
1930
2755
1145
2223
1450
1171
1180
1696
1264
2272
4034
8482
6249
8100
8312
5109
8564
6974
3468
2459
3369
5265
3115
4710
8374
8196
7940
5871
8242
8150
2197
1783
73
3117
5338
100
591
615
1761
1086
2427
530
597
65
2417
1838
1875
482
66
1574
1247
1729
1266
403
7916
1652
4106
4230
4849
1438
7652
2367
1852
2991
1854
8250
8190
5737
1645
1582
8464
4458
2773
8414
8616
4807
8392
7668
2665
1778
7986
2993
8366
8192
2316
8320
8228
8196
7814
1626
3008
1483
1969
1475
1897
2772
2847
831
3130
2684
131
2143
1705
152
4345
3074
2542
1003
3332
3266
2375
3067
2767
4930
2304
5022
2687
3322
1016
1808
2314
2967
3797
4618
2264
959
3303
2800
4665
4907
5166
6381
4829
4921
4999
3362
4764
2312
5674
3777
4691
2236
3216
6490
2672
2219
2851
7746
4093
2079
2878
2449
378
4169
2219
821
3009
853
2312
2792
4226
1930
801
3113
2812
106
783
324
407
1935
2060
2902
3264
2257
3136
2899
3425
804
3240
2871
2756
2590
3077
3041
4391
4066
6446
1970
2640
4574
3450
6624
4402
3363
3707
3044
7024
4256
5080
3287
4731
2240
4285
4495
5399
2850
4258
3676
4518
4235
200
192
210
4338
4057
202
161
6579
163
1470
1729
167
2372
489
2744
158
1401
128
395
892
4276
899
3797
1048
3300
2327
2115
1713
8404
2163
1812
2511
4197
842
426
6072
1016
8102
4904
5673
4166
8912
6980
8476
8670
8680
8630
1715
8766
4068
8476
8444
8870
8864
8960
5621
8764
6918
5646
466
3271
6844
109
110
7805
1100
86
1068
1416
4650
5093
1706
35
77
149
867
4337
356
4125
3286
9028
1152
2296
8734
4855
9086
6059
1046
8960
2283
5175
5086
4982
4922
4805
5022
4932
361
7147
6701
7517
6747
3627
9198
5035
9232
8994
9180
9222
8784
8846
9154
9098
5205
6895
9262
5296
5160
3888
978
437
432
608
8438
623
5471
1911
3515
2435
2943
3583
5869
594
3488
4068
1013
4420
2217
2002
3744
2214
1310
2203
3925
5561
7227
2959
6238
3471
2117
6321
3349
969
7121
7087
3618
6976
4142
3488
9318
8860
8782
5774
7170
6464
8950
9038
5953
4130
9086
3672
3555
8848
9230
9232
6739
3842
3491
3373
997
1576
492
1581
4623
1820
1088
3148
3098
1367
5310
1716
5433
1508
2561
8650
442
981
4194
5585
1604
5417
1455
3401
5425
4606
6366
1560
2600
1717
5539
1326
991
4708
972
5876
4682
8778
4705
1344
5807
9014
6581
5061
8416
5559
8930
1765
8610
5369
5439
7053
9180
9044
5290
9240
9224
7455
5836
5774
1165
557
1042
643
5277
923
502
1109
915
3391
1019
3040
1698
1743
549
1517
8364
1135
1130
3578
2820
5849
6100
4100
1741
4635
8378
4198
5097
1374
2922
3868
954
4380
4225
8802
1583
1878
3733
1605
4331
9080
4828
1456
8930
8776
8644
8876
5304
9036
4388
1836
3466
9204
3223
8760
9004
6318
7101
1668
8428
722
8164
231
751
1239
1044
655
1215
1014
1988
1323
3557
1325
955
650
619
776
1036
1859
2465
4480
8700
2695
2049
2117
2003
6098
1273
697
2654
4405
1190
4332
1943
909
3909
3660
1993
3232
3640
3765
1430
8538
8596
8836
2695
8996
3968
1996
8826
8754
8724
2126
1191
1231
8552
5121
8138
8834
513
916
993
2091
501
185
519
3642
1222
198
3617
448
1712
1692
955
518
517
1982
451
2190
3012
8332
1334
4145
2073
977
4553
1647
2085
3207
1941
8602
1804
4312
8462
2929
3685
2329
1867
1138
5317
8584
8778
5875
9046
8690
8712
8756
3762
8546
8658
8496
8836
1259
8856
8650
5809
8658
1972
8538
1533
1495
1514
338
1000
1471
1291
1353
4049
1497
5065
4682
1218
953
370
410
944
3859
4077
1545
4643
1531
1629
4363
1237
3208
5589
1530
938
1515
3647
5576
1048
385
3537
1447
4339
1667
4661
863
3253
6492
3380
8182
4715
8630
4899
3566
8298
4819
4712
4851
3913
6218
4788
6336
4929
8176
8182
8102
1621
736
857
1615
636
1865
1615
1789
1778
1761
1762
5313
1653
3294
1841
1685
687
1771
1715
2012
1735
1755
2189
1728
1839
1461
2116
1619
1647
1596
6606
1753
6547
1636
4357
8380
3646
1697
1735
1814
8690
8782
4337
6672
8580
8548
8312
3107
5520
4332
1562
8626
4378
8836
8596
8422
9008
8972
8634
5254
1146
150
978
1377
736
2395
1473
3239
4637
1437
2423
1284
2453
1431
1874
2084
3958
1417
149
353
4261
3513
1299
4081
3334
3130
1120
4190
2653
5421
2648
2415
3365
1367
7776
2454
7818
3339
5263
3926
2590
5132
8158
5895
3445
5878
4635
6004
4087
8210
8148
7844
1279
7820
8056
5606
7670
8276
7498
6163
237
564
221
1702
225
6843
111
6046
2127
1986
1141
5721
5564
2506
2218
3591
5859
4670
1808
2302
2144
513
2874
2487
3794
1103
5226
6762
6310
547
2139
5010
600
1846
2445
8124
3466
2197
1815
6611
5988
8438
4693
8626
8354
3798
6341
3240
8624
4191
8906
6930
6724
6290
8596
8676
8326
3869
6378
6154
188
632
3022
660
3659
191
350
2264
1400
1147
3108
2229
2135
1564
1881
1332
1430
456
1389
4304
2630
3152
5387
2147
1683
6150
2067
2728
2112
5251
3180
9252
4349
1241
6241
3863
6249
3085
2738
4249
8636
8388
3107
5454
5261
8926
4142
6725
8122
2292
6416
6571
2758
3670
8696
8804
8708
4048
8678
4233
2250
1436
117
1252
396
854
495
2112
1717
6542
305
2141
1288
715
1932
1511
533
312
1201
1505
1619
8478
1441
1508
2141
1609
1425
1095
1916
1238
1860
1565
1195
1131
340
3490
1915
1118
1400
2951
1903
8614
2058
1633
8712
4523
9192
6747
4701
4151
9010
5887
3948
9086
9066
5034
5764
8792
8972
9028
2150
3250
850
894
2612
1310
572
655
491
1831
1880
901
1852
1981
2504
677
207
2514
466
2459
2272
1501
2553
1745
1223
218
1618
508
1919
1522
2525
1920
2805
3364
1573
2150
3536
3352
1905
1908
2120
5100
4918
6561
8450
3245
4592
8166
2989
1993
4642
4625
6607
1901
8116
1777
1650
8154
2699
2987
1715
511
2377
2285
833
2929
2697
825
5189
1832
2443
5225
495
2331
2062
1784
5766
2530
1808
492
5641
4664
8964
829
6976
4749
2861
2248
3546
3899
2898
6837
6600
4843
2668
746
6294
6749
5481
7497
6761
5385
4813
6832
9068
3022
6577
9526
9086
5451
5424
5590
9060
5971
8922
6593
9260
7101
5315
1800
1445
190
2019
8282
4447
2709
935
1396
1238
1413
1251
2249
925
1792
2505
1897
351
381
341
1793
1037
1562
1873
2943
384
5227
8262
1430
2248
2363
4421
4358
5651
3525
1519
8478
890
8558
8356
1536
1850
8484
3088
8512
8250
8596
8460
8192
4489
1892
4102
8452
2786
8476
8468
8426
4405
8308
8570
6527
238
4297
5178
2513
139
147
4156
116
4041
5153
187
5259
185
156
103
2913
1997
1291
136
4151
2126
1410
5154
3130
2791
1414
4305
767
2787
4010
2637
4114
6087
2942
4721
5422
5407
4233
1415
4273
6631
2760
5876
6563
4249
4027
4120
3632
4243
4232
4273
4079
5433
2578
4244
8928
6713
4319
3154
3673
4053
8690
4370
1487
688
8932
1998
1510
2387
817
5061
141
146
1841
976
694
2537
4451
112
1599
6015
814
9124
690
3759
2719
4613
2294
3680
1397
2595
1924
2577
6817
1353
1664
1386
4422
2090
2078
9002
4580
8470
5495
4732
4111
8870
8412
4992
6448
9134
5863
2621
8708
9254
9318
5303
9056
6175
8880
504
743
486
73
2028
112
1315
2236
1323
634
105
3858
706
590
81
4322
3436
1860
657
2323
2169
2046
5725
3979
2022
750
751
2218
5110
3376
3574
628
654
2116
2034
1244
3044
2427
2161
3522
2741
4427
3870
3712
2067
4239
8608
1963
4314
3674
3510
3719
3889
4651
1857
6749
7216
5685
5718
9102
786
2863
691
238
2279
535
5486
1894
2151
5390
593
604
251
189
738
982
235
1407
5493
1745
1158
5375
1356
736
925
3591
2771
5349
6919
2860
1757
5587
2705
6772
265
3079
4916
892
5735
3737
1878
8660
7242
7053
5973
3517
5897
7134
6932
6088
2751
4596
798
8844
9020
6552
6967
8956
7073
5705
681
692
3397
1267
691
227
576
706
3034
654
3242
570
613
2784
3651
2962
234
649
246
645
4220
1189
3364
2037
1256
2988
6637
1180
4332
8282
657
3104
4189
5523
2972
2977
1277
3392
1833
4260
8800
8588
8490
8824
5609
4835
6802
7001
6662
4102
6650
6781
5410
4435
5734
6785
8760
4158
6548
8758
331
690
676
640
629
1388
1549
1697
342
701
2156
641
700
753
748
632
686
623
731
1523
1562
4029
636
2428
755
1547
701
755
2757
741
2425
2607
2257
1642
1548
4889
2218
1510
2976
1595
6072
4846
3213
1466
2280
5785
4848
2897
3088
2655
2961
1941
8054
3692
4925
5625
736
3722
1688
5053
3423
2945
1967
1256
2047
1012
2907
1794
4158
3819
144
143
3746
137
1221
2704
2217
2602
3744
989
4284
3854
955
2066
1170
7130
2128
9150
1003
3337
6817
8846
3687
2595
3578
3752
6979
6916
4713
9046
9072
4793
6597
8768
3906
9160
9406
6174
9292
2985
2028
8704
7059
4368
4271
8986
9040
9358
9288
9168
3839
136
4008
2572
2714
1063
1598
1588
1529
89
4867
4707
4531
952
2801
2116
2580
2073
2536
3805
2464
6701
4795
1879
2660
2781
5606
1684
1826
4182
8454
4925
4511
5454
3406
8608
4704
2679
3343
6752
8562
8942
3413
6341
8728
2778
2803
2831
2776
8644
7132
2842
8858
3379
5296
3270
8910
2816
8452
3898
1199
1066
1358
1103
574
1205
4073
1202
1369
1441
1145
1160
1215
1223
1190
2575
1295
1126
1169
588
1322
1160
1359
2566
1243
1223
4882
2452
2179
4032
4421
1248
1899
1269
1301
1189
1218
1121
1267
1339
6769
2221
3331
1891
2550
1227
8872
1327
1055
2803
1342
2541
6895
3905
4872
1832
2466
8394
2504
2511
95
3971
129
2983
4179
659
845
139
86
707
125
184
124
126
698
124
445
2565
658
161
598
8632
5178
2653
1942
2388
3715
4656
8514
4820
2120
5662
1559
677
4430
743
7075
2610
2510
4804
9102
9170
5003
3095
3855
1806
6859
9104
707
5251
6647
8846
9098
972
7069
8912
3604
2986
633
1680
730
741
740
1975
370
3155
734
3783
729
675
675
1988
3229
338
3269
302
1275
2972
675
678
8610
2037
4359
738
680
329
2020
3418
3071
2167
2767
326
2025
3380
3918
8538
2904
1903
2972
4284
8602
4637
5342
8676
5510
8690
4374
5223
8868
8622
6451
8410
5592
4006
8370
8322
8492
5007
4301
8732
1346
1483
1583
1533
3758
2520
2502
1296
3665
2426
3779
3522
122
888
133
2874
2198
1403
932
2031
4848
1566
1279
1526
4531
3195
3251
2845
1294
1371
1970
4960
1099
5300
1098
3993
1373
5569
823
3613
1365
8066
3625
2697
4929
3731
8524
3685
6368
4298
3216
4971
2275
3693
3320
3670
4990
5074
5115
8410
149
351
2081
2252
245
260
170
273
2212
1324
2009
2916
1854
1996
174
180
4282
393
265
2242
1227
2326
866
2142
1251
2383
133
2560
2277
2400
1980
1628
2193
8456
1975
844
2313
2197
1399
1682
4718
2700
4869
2815
2310
6207
8740
8666
2241
3175
4371
3864
2280
6695
4693
6669
9200
1912
3865
8920
876
643
850
532
556
557
1466
292
211
458
8646
4379
210
563
250
643
1690
554
572
1584
1531
2854
8574
259
848
4094
932
6690
4983
1565
1652
1733
6426
975
4974
583
822
4139
577
1766
8568
9190
5782
8860
8646
4224
8814
9026
9158
5357
3522
8534
8896
3544
5949
1930
8976
5549
9084
5358
835
2955
4197
750
851
90
2331
3166
1534
2516
2739
140
762
1506
890
753
833
1450
1631
6024
4648
4724
2917
3444
2525
1561
1813
5153
6753
2825
4005
4601
3126
8452
8844
2771
3371
3508
8242
1467
9300
9080
6275
4783
4105
7426
6402
9036
6821
8694
9012
8908
8664
8808
9216
8806
9368
8916
2606
9332
6676
1486
3498
1342
2170
8000
323
1622
4930
2249
8470
2957
965
308
8186
221
1846
2213
291
253
2254
2742
8242
2325
5451
2925
1625
1572
330
3360
1709
4026
1097
5306
3362
2233
1696
1569
1584
706
8922
5261
5791
8568
8566
8922
8514
3380
8668
5292
6881
8676
8414
8180
8242
8912
5559
8538
7024
5447
1965
4889
1470
2263
47
4164
379
141
8242
3845
1986
3101
2664
1829
2826
4761
8740
114
1095
2684
5560
6734
4999
8432
2094
1959
2562
3348
3403
3162
6057
1913
8558
6684
6359
6365
6191
5265
4043
6533
5995
7079
6885
5012
3912
6783
6201
5775
6814
6997
6326
6037
6705
8798
6004
5593
6476
6971
4777
8218
6010
3672
1843
1363
2882
1564
1819
3744
509
5971
3807
490
3840
4591
3428
6851
3242
3938
1651
3132
3609
6152
4072
4432
5132
4651
4927
1621
2107
6251
6797
8294
3383
3805
4514
6314
1916
2678
2422
8842
6177
8702
7302
9124
8648
8966
8456
8598
6711
8886
8966
8870
9192
1896
8948
8944
9366
8676
8870
8502
2554
724
2353
1113
235
4253
192
184
1327
197
1070
826
3688
1022
2076
1044
2471
252
186
3062
6821
6272
2462
2235
2515
1555
4478
2898
5208
8956
1054
7159
717
3407
1102
2192
4461
4907
2152
6053
8870
4557
9200
8882
8724
8968
4743
3804
3887
8904
4994
6898
9232
6964
6407
9138
4718
7210
8970
9214
149
547
1280
3044
3670
1182
1227
126
1284
157
621
373
1287
2397
127
1394
1393
3956
1168
1334
1472
1110
1279
2596
1485
2973
3139
1115
1229
2296
1207
3616
1383
1341
2168
1282
1175
1294
848
1283
5872
5515
5544
1318
6606
8108
1220
2728
1304
5211
1825
3416
7614
6579
5784
8404
5934
4137
8186
8158
2321
2281
1085
986
6650
1103
1515
4707
1161
962
4628
1060
113
1205
1112
4106
766
1451
1449
2576
1532
1715
5235
4561
1181
1650
4892
3578
1543
3905
2983
3632
1096
4082
5027
1061
2140
1681
4445
1585
3983
5125
3799
6823
5501
6799
5075
5280
3938
4313
7044
6904
4157
2951
5031
5030
6918
4292
5230
5303
338
8044
845
2069
1441
661
2529
356
895
586
95
104
855
433
229
949
3568
867
1007
235
716
5089
370
1409
1687
334
999
4664
2789
4956
865
4963
1586
239
1029
401
1357
2487
1671
7526
4853
3066
4943
4882
4951
4732
4949
4983
5023
4148
4859
4958
4989
8092
8010
8264
4933
4854
8160
4832
829
106
310
3061
182
110
110
185
5904
1066
843
253
3167
3038
499
3051
3997
6434
7081
3213
3071
3310
4071
3123
3436
3137
8040
6790
5142
4730
6069
1469
4153
2933
3195
3117
5173
1441
4074
3124
8398
5945
4813
3391
3343
6012
8364
8472
6420
6543
8474
8210
6244
6113
8334
6381
8256
6657
6738
5603
4573
129
1971
2286
439
109
1188
1194
1073
2393
1108
2292
5450
3505
1084
1826
6133
4154
3445
1773
6596
3200
4014
2289
2336
2348
3448
7045
2308
7021
6241
717
3324
1191
2236
2318
4336
8732
2099
2210
5036
7520
9348
4733
4523
4787
8564
4760
8874
2236
6893
9282
9524
7293
9538
3559
7564
7060
5295
4973
5242
678
208
155
105
1286
3830
8496
1272
1337
1195
580
68
2344
1281
155
1216
555
673
83
1113
4778
1865
2713
8154
1296
1215
946
2169
6480
1105
1208
1917
1238
1186
500
2449
2769
2559
1900
8772
1164
6593
3735
5917
8578
4654
6189
8252
6206
8798
3473
3843
9068
923
8338
3441
8650
2348
8638
368
136
144
952
104
2981
67
829
111
774
1365
2002
351
898
2974
997
337
1239
2133
838
943
944
5622
1581
2477
966
3891
2364
1209
2218
999
288
1628
4633
1440
1511
1321
3813
4323
1096
5595
2681
2345
4614
4643
3750
8444
3904
6203
2168
7972
5117
8082
5057
4309
1960
4343
4486
3818
1630
2669
2601
1811
314
2462
2159
6171
2472
786
2676
2771
5962
5680
4719
1943
2531
377
5995
745
1062
2905
2543
2718
5955
1761
2613
8180
5947
2540
2301
4825
6053
2727
1897
6831
3703
2557
7632
3905
6073
8276
5548
4255
7760
7870
6472
8064
8570
1961
6044
8344
8224
3075
5886
2912
7710
5932
8106
8484
5772
376
271
218
2209
431
148
198
2734
296
239
381
2777
3699
2054
1054
3930
2452
144
258
2157
3034
1011
962
3672
2961
2402
3855
1938
3429
2521
3619
3862
697
3933
242
3833
4061
3725
3591
3803
8730
4187
3987
6126
4108
7319
4075
3974
7274
4055
4079
3692
4062
4015
4067
2552
2878
3728
3905
3762
152
412
392
1165
1024
1079
135
304
136
5991
1196
388
2111
1415
390
1136
329
128
1929
1165
1410
2030
2103
4156
8540
1046
1558
1371
1019
6012
1388
2066
8588
1866
1438
2051
5831
4965
2703
1027
8504
2879
2822
6370
4215
8418
2167
6306
2763
8298
4974
2101
8572
6265
8754
5805
2065
2647
1962
6062
3025
7226
248
748
6715
884
353
285
318
7042
2342
266
743
322
722
332
768
3715
6940
335
436
1972
5124
5322
1889
8464
849
4034
3322
6814
3985
3793
8568
5767
1348
336
937
730
5753
434
8444
8856
8626
5653
3432
8858
6844
8918
9186
6718
8598
8896
8762
1802
8554
4074
9118
4873
8656
9022
201
704
1048
705
2237
143
626
110
121
386
710
186
235
239
236
1505
80
107
567
704
2595
2652
2526
2499
716
2703
2519
423
2972
523
2507
649
3670
3283
2555
1883
1886
725
1029
6472
8820
6613
2398
1171
1605
4328
3071
3053
699
6519
3127
2920
3128
2593
688
2041
4238
2586
6632
6497
4916
1961
6267
1874
926
3035
3171
122
4791
667
3155
6236
4935
224
117
147
6864
649
915
121
4204
2902
2598
7249
2864
4195
6258
2850
3248
8758
2086
1780
8844
2064
1810
2901
2051
5035
2610
5355
8982
9212
9228
5285
8876
8786
2303
1491
1992
8768
9038
3541
5043
8582
8904
8908
7131
3123
8840
9338
833
342
2070
2021
563
567
330
2191
1214
8146
230
5196
478
3462
252
1955
2802
2718
2295
8654
2601
2660
1475
5110
1794
8700
3195
4078
2184
5907
2540
1864
3706
1888
2207
2508
3417
5370
2574
2578
8790
8264
8776
5445
8076
8500
8610
8580
8648
6832
5058
2292
8776
2164
8542
8958
8224
6668
8408
2142
877
3122
1555
2948
564
3869
542
1416
418
517
1010
417
415
465
497
564
378
1763
1031
410
1527
3112
3080
423
4217
3235
2964
2561
1892
8448
9006
1649
1536
1556
1577
2700
522
1415
3689
2785
3417
9038
8542
8628
2404
4766
3292
6198
9084
3962
6310
3067
3195
8638
3279
3302
3213
3221
4263
2863