2278
382
404
402
139
383
153
6515
408
3893
359
150
416
5747
156
353
3937
416
2418
414
360
3750
351
1470
1913
3943
6261
2017
361
417
344
2905
2984
2381
5457
3812
352
4807
3727
2361
6982
2023
6141
9384
3108
6543
5077
9308
1012
9066
5310
6764
8978
8690
3600
9060
9194
9470
9292
3491
885
1214
838
232
3566
285
305
305
8648
239
931
1041
199
874
935
3732
221
4145
877
929
262
3250
8570
3306
4168
6060
1346
855
1247
2762
1374
285
5358
947
4135
4404
945
3210
931
4843
5167
4679
6020
5523
1323
4219
5748
3689
5683
5451
4186
8544
8734
5855
8658
8694
8732
5545
3829
4855
2810
226
864
1199
232
452
1715
1593
940
166
843
2939
229
230
668
876
4204
126
891
1249
4236
908
5415
912
1692
1647
2725
3356
835
2048
5517
930
2869
3422
1795
1989
696
1681
3244
861
2325
4272
2853
2653
4149
2938
655
4878
5143
7976
8614
1896
2605
1677
1667
8468
8576
8308
2212
8518
1092
3586
3373
2641
1157
5047
312
1278
426
2600
819
3520
1053
2654
3178
3822
1058
318
967
2359
5573
2054
2312
1627
1917
8538
3000
3222
2157
1096
1593
8500
922
3615
2776
3553
1106
8380
1499
3034
3969
8550
3003
1006
4316
8866
3625
2395
1923
5749
5704
5516
8742
5651
800
4832
3609
5549
6237
1621
1425
1612
264
1744
4023
5579
1125
4206
1734
330
2699
283
176
197
1920
1369
5865
708
2888
2871
5095
1984
2877
2898
2862
5087
3288
4597
4667
2919
3011
2831
3886
451
1787
245
3479
2613
3960
6322
5301
6027
3942
8618
5146
4038
8676
3468
8624
6072
8484
4476
3957
6178
8220
3995
3255
6236
8350
9008
257
214
266
4076
217
216
215
265
213
264
2787
8436
268
1991
4906
263
5387
219
266
219
5524
4805
5471
5736
5597
5036
5558
4490
6998
5577
8866
4049
5638
5424
2393
5844
4925
2941
8852
2327
5347
8736
5430
6102
9018
5471
5510
8910
5069
5982
4833
6736
6305
6033
9168
8994
9122
8964
5231
6562
2462
817
1031
909
4563
2925
3175
2780
1088
5577
998
2959
2523
1010
1088
1346
1533
1698
520
631
2225
851
1813
5255
3229
2579
3277
1300
6073
1217
2564
3403
1760
1507
3211
3193
3196
1043
4258
4475
6265
3362
1939
6019
5939
2633
5809
5445
1639
4045
5935
5801
5495
9104
5215
5326
5468
4868
9116
5350
3494
8842
4648
5149
3509
1941
6188
397
1908
1782
1734
5668
6546
395
396
520
145
1712
8508
3816
8770
1341
1424
1308
3812
5059
2338
2831
8570
8394
2725
8628
2905
5960
1499
8880
2202
3068
6382
1065
8428
3414
8574
9016
9190
8318
5820
8836
9124
9076
5905
9378
8990
8994
8998
8914
4196
3512
9010
9022
1071
3723
3061
174
2260
3088
1098
1123
5797
177
1002
1193
1015
930
1899
1062
2801
2894
8184
8182
3615
1092
5903
1109
3367
5747
4897
1119
1142
926
1210
3790
3011
4373
2905
532
8904
2785
1227
3473
8726
8584
8472
8708
7894
8656
4141
8620
8336
8138
5148
8562
8508
3589
3208
4273
5926
8662
5405
2004
315
237
521
1008
331
200
1828
2832
2635
1293
468
196
203
359
416
414
471
1752
474
232
2433
554
531
5911
643
491
3117
3024
3736
2814
1891
468
417
637
1920
1155
663
477
1699
1599
8628
2778
8816
3815
8840
1955
4042
8946
2904
8824
8794
3461
3348
4769
8974
9088
8942
3114
721
1345
659
1087
631
3834
1335
2802
1488
674
3135
3756
4069
648
2182
1169
2288
2735
3899
1271
1437
2723
1683
3009
4209
2739
2721
3929
2379
4788
4066
3211
3107
3878
4041
4279
3060
4002
2739
2499
4097
3336
4257
4392
5448
3844
5102
4188
3890
4144
3168
6003
2868
4310
4251
2815
4364
4144
4304
4272
4383
4352
941
665
288
2547
890
4899
782
2381
415
233
1524
2587
346
1446
2117
2547
855
1846
2233
2203
2319
2647
2404
3509
3290
2376
2289
2181
2390
3763
2537
2401
1948
2315
1902
2729
4335
2682
270
4685
9360
2313
2486
5584
9168
6659
9304
5228
9102
2610
9300
9052
9194
3774
4394
9062
2637
9210
9234
8976
2330
1998
2168
2303
2134
2381
140
2062
2057
2109
2247
1970
2522
1121
2019
1872
1715
2204
2498
2437
8106
1109
1680
2205
1245
2437
2366
2353
2119
2382
2196
1204
2398
2154
8876
2216
2181
1251
2257
2250
9004
9288
2485
2233
2318
2525
8900
9736
2402
9580
2486
9262
5096
2500
3691
9564
9534
2472
6757
9012
1837
1534
1528
2305
1560
1278
1361
1564
1458
2487
2224
2908
1525
2940
1755
831
1624
2395
2481
2364
2484
3115
1593
1658
1661
7694
1459
3478
1642
3786
7944
2722
1615
934
5657
1521
4447
1679
1663
7720
1730
5682
5093
5242
8288
8320
8176
8578
1739
8152
5511
8814
3802
3014
2637
8570
5039
5108
8486
8078
723
997
1464
458
1036
1354
1015
806
1700
1066
1389
3339
565
1549
2199
487
370
375
2543
1065
2174
8658
3534
1379
3757
513
1618
1556
2562
781
2634
1420
1513
1751
1815
1934
3815
1471
1530
758
3728
9174
3926
5725
9092
8904
8986
3858
5991
2403
6059
2316
1657
3376
8800
3848
4746
3502
2383
4075
110
529
111
587
1092
526
107
105
486
112
785
110
114
698
178
111
114
474
533
585
194
486
420
539
805
481
1092
2313
829
202
884
198
206
827
206
531
1153
2054
580
198
4141
5376
578
868
686
1334
3624
9238
1204
2383
1028
517
621
6345
690
1919
2402
5495
8618
8488
2815
690
1694
2557
4583
5702
737
2647
869
800
955
1633
4832
3240
1442
3555
3513
1158
3139
2887
1717
4666
8542
3176
6246
3090
6403
2175
3225
2121
3217
5512
4993
5861
827
3042
1300
4234
4636
2433
7069
4721
9164
9516
9434
3134
8878
6244
9122
8774
6213
8844
5908
5499
5946
5027
3006
5071
9162
6794
618
476
580
204
867
564
200
759
925
284
202
618
634
199
846
636
649
704
199
443
1053
649
688
943
1023
3773
1594
595
626
671
704
2924
1660
1053
655
4722
7888
1613
2756
585
1037
1788
8518
8498
4368
8440
693
656
8474
1487
1765
1962
1325
3313
8582
8530
4299
8316
1780
8344
4120
775
460
8728
319
1539
334
8612
3087
232
8724
8748
2310
1733
8986
316
8306
400
5568
4048
8948
2327
9204
8758
1815
5774
4870
8848
8666
2282
9356
8476
8610
9394
9144
8756
9040
2352
9046
4430
8322
9110
2564
8910
9282
4735
9008
9156
8606
9180
9400
9458
9260
9250
9152
9174
9444
9030
9234
9508
935
901
8246
6063
780
3847
1459
931
853
401
8370
2717
918
1520
856
8554
857
157
824
1017
4147
4012
2982
5474
3119
5588
4124
8600
8778
1721
4186
8612
8678
2951
3072
3807
4744
4146
4224
976
8736
8924
8988
9242
6405
5031
866
9202
9024
8874
8886
8538
8610
9082
8816
8936
4679
4074
4088
8948
1711
1257
4790
9018
1564
6240
145
2444
660
1394
8834
2411
3027
1643
6049
1397
1519
3017
1387
8866
3855
4105
4124
9116
9054
8642
9284
1673
1654
8970
9118
2311
6787
2894
3538
8886
6799
9256
9562
9574
9246
5669
4995
9370
4310
6479
9404
9410
8722
9414
6589
9568
9404
9402
9152
9744
9252
9578
9418
9140
1876
747
451
412
517
411
502
887
2494
1014
1111
449
849
1048
2553
906
3451
1009
514
736
2516
868
3046
6060
2320
2011
3854
1193
1808
1105
1974
808
2680
2584
952
849
1848
4588
780
918
2603
8180
8448
8534
3819
8148
2078
2784
3817
2070
2616
8408
982
1079
3615
1768
3622
8394
3270
2975
1235
1125
8284
4952
1170
570
765
1127
4261
1247
164
1121
162
3684
459
3435
764
815
1013
1031
967
8884
2493
1336
5065
3386
4705
8800
2003
7846
8458
3231
3676
3870
1818
1073
8352
3986
1455
8906
5998
8656
8682
3200
8846
4199
9110
8828
8960
8284
9014
3378
3240
3643
8880
9066
2314
8858
9414
8702
439
388
846
1538
2188
2106
2147
2194
2036
2317
2320
1925
549
2103
345
1161
2409
5811
438
2414
2403
3445
3499
2359
3394
2046
1177
498
1363
3512
807
2656
3343
8048
4161
2403
2093
2089
8578
3468
4511
6455
8928
6121
8640
5992
8578
8820
9232
8882
8972
3074
8978
8888
2376
8932
9130
6591
9108
8950
1608
2122
1467
4236
1528
691
672
223
828
3218
9074
760
1471
1613
854
3717
1925
2743
1586
1897
1457
4661
4239
4048
5407
4061
6285
4320
3850
2167
8178
883
271
4274
4893
1736
5211
4643
5040
4040
5321
5777
9082
5002
4000
8516
5268
6057
5395
5385
4008
4906
5619
9000
1858
6579
5589
5031
5475
2112
1952
881
2855
2449
400
1773
1445
1897
1750
206
1213
1043
740
1940
1868
831
3661
310
1919
305
1963
4435
1929
2737
1474
3004
1535
2795
1892
1902
1523
1393
1659
2931
8672
1430
2106
2513
3095
3028
5001
9144
2639
8472
5682
4061
2886
1873
3162
2590
5126
4396
5563
4620
9342
4713
4719
2723
1945
8608
896
899
822
1316
416
1652
963
1222
961
478
131
409
1191
873
426
1215
2951
1205
890
887
1176
2819
1998
977
3125
2620
3026
2714
1213
2376
1193
2744
2797
2781
2874
3483
1332
1224
1168
2105
8668
4654
3750
8500
4709
9080
3307
2861
8844
1228
9036
3531
9084
4179
5991
4495
3636
8644
3396
4619
2428
154
336
2665
152
4855
2037
881
155
3033
1338
2247
155
2088
5393
344
2107
2560
109
155
3732
1309
1949
1455
5759
1177
3996
1543
8868
2276
1403
1939
8612
1117
4798
1299
4271
5081
349
8660
1540
8738
1573
1656
1640
1505
3422
1504
8708
8820
1639
1631
8852
1627
8388
9014
8618
1415
8606
1647
1510
695
813
1586
1549
1458
1477
587
670
2229
186
698
1498
678
752
6271
816
227
2373
1819
6233
1466
2276
2679
1446
2119
4201
2537
3732
1430
1396
2491
5252
5054
2137
8998
1689
3254
2313
2352
6241
3227
9230
3213
9124
9056
8332
1877
3647
4537
3331
8914
9414
4433
8890
9264
2401
8882
9154
3369
1198
852
996
1103
1630
1304
559
1040
1117
3946
847
1692
1727
1567
181
1136
1072
557
8480
610
5183
1482
8710
3288
952
1490
2003
819
1800
698
8242
1705
3695
1171
1132
5019
8160
1747
805
8936
1745
1820
1087
9152
9248
8784
8422
8960
1959
8860
9216
8314
1552
8768
9160
8990
8816
8542
8702
3499
2551
8958
8858
1744
390
956
315
8376
447
8502
263
2784
8308
2630
313
2019
5174
8782
6009
3717
8718
3126
2358
8468
2590
8644
8808
8664
3334
8850
4540
5160
2154
5079
3635
8754
8626
722
8788
3757
9068
5127
9270
8788
2702
9136
9212
6135
9040
9052
8984
9128
8710
3634
9426
2423
3221
9064
9066
9226
3437
149
147
872
233
264
884
285
448
172
280
194
237
668
225
265
811
175
147
260
1839
3266
1152
2970
855
3296
1688
2935
1906
1272
2901
3718
838
3086
1208
1094
3537
849
1376
820
3290
3540
3017
8624
1719
996
1125
8822
3323
3886
4407
3582
1365
3277
3330
2838
4994
5359
2828
6574
695
2335
800
799
1981
177
177
2226
180
795
707
810
2201
803
294
892
817
2048
1330
497
2287
2897
719
2451
2043
4499
5124
2118
4852
2171
1887
2413
4695
2353
2371
8510
1685
1387
2132
4841
4579
3690
2312
8560
5794
9042
2436
6519
8816
5154
8712
4752
9032
9092
9022
3230
9146
8456
3985
9530
624
428
863
155
493
415
390
433
567
732
676
517
383
407
427
2078
530
508
550
369
660
618
516
8176
4752
1106
1729
504
613
5084
446
3907
4592
508
3316
450
4893
5259
3862
8074
5062
3279
5618
2673
8694
3509
8266
7714
8198
4959
5570
8306
8062
3568
5034
5042
5219
1719
3428
962
8506
138
236
187
256
311
239
143
195
241
249
2606
197
3369
1509
4431
109
1086
341
201
256
4545
4278
4407
189
1671
5503
1630
1756
1468
3979
3141
8854
1202
8826
1724
1690
2701
1574
9100
9056
3202
1579
3540
1519
1734
1645
1674
3653
8726
5164
5076
843
4767
5554
8666
2289
2411
3968
5245
2663
2177
8910
4366
1432
8670
4685
2838
4535
1486
2061
1127
404
637
2191
3377
3982
8836
1506
1478
3255
3273
4622
4281
8486
1509
8532
5185
3088
1419
6388
4363
8782
5432
1968
4368
4396
3158
1421
6565
9314
9160
9162
5171
8874
8998
9404
4521
5332
6320
9148
8892
9112
9162
9144
6368
9378
8534
9018
8960
1904
158
1213
1957
2040
2047
3142
1860
2007
4697
434
1621
4645
1073
3305
442
912
1629
1947
424
4884
3696
4208
1934
1249
2659
4437
3722
1941
2060
5240
5363
2060
1747
5404
2101
401
4537
8488
1923
3222
3745
3873
8658
5480
8246
5784
8780
8860
9042
3992
1914
3854
4670
6861
3582
9002
9136
9226
3860
666
3656
3512
624
5614
605
5023
1727
1910
614
561
1696
507
818
773
2695
3735
8484
165
191
448
3517
4718
4521
3562
777
3391
654
544
8946
2896
631
1790
4606
3727
2607
3460
3712
3494
827
8942
2759
5524
3868
9104
8948
8986
3908
8724
2545
8656
3591
3599
2416
3478
4677
8874
8994
8956
9118
500
485
2812
2817
503
1573
499
492
2867
1228
417
447
535
3016
3812
9106
1411
498
1975
495
2804
9138
1251
8778
977
3085
2837
2977
2695
2062
2737
8638
3205
594
2961
4404
2829
8404
2804
592
9234
9220
2832
6418
8858
4178
4857
3374
9158
4273
4534
9338
8976
9334
9530
9114
8390
1881
4746
9428
1108
1354
2013
2262
1206
5151
1019
1911
1137
1036
5325
8760
5625
2440
504
2850
4664
2212
2028
1302
8940
4558
2175
3485
5155
4356
2818
1420
3425
4992
4420
2403
6019
6032
523
3244
4703
1193
2059
3088
9598
9364
4408
9230
9582
9508
9422
9864
9510
9548
9652
9480
5602
9408
9212
9526
9572
2784
9424
8972
2158
3890
1523
1719
633
1574
1838
1675
4543
1142
1691
1650
850
754
1035
1693
2241
1468
814
4568
1674
3355
4079
4487
5701
2192
2258
2385
1758
4131
1679
4594
2859
3522
4020
4841
2406
4084
3712
2397
9164
1762
9168
4000
2280
9266
4157
5774
4753
4414
5520
9326
9504
4091
3994
9246
4355
4901
2256
3266
484
1783
2248
773
2267
1519
5908
2474
9708
1581
5852
2594
715
6293
9482
9366
495
3646
3353
3386
3974
4978
9172
2644
1612
2097
2681
3940
9690
2661
6300
2490
5746
2503
10002
9740
9626
9872
1607
2286
1165
9860
6667
10150
9994
2626
5567
6687
9964
10140
9690
10052
9786
5447
9816
9750
10008
9744
7495
9832
1566
2762
2863
5187
1972
2176
545
2611
2319
2569
152
1422
1439
1835
1998
491
2702
2316
1043
1982
4708
3060
2564
3118
2874
2762
2510
1752
5433
1813
2599
8286
8524
3324
1909
2901
1915
2140
2527
5171
4704
8280
2825
8472
8718
5132
5463
8474
2435
8868
8338
2783
4557
2275
4075
3943
8580
2258
2791
8620
6583
810
2445
2385
1620
356
379
2481
1825
3392
246
1676
249
2713
247
3397
912
2422
1255
2415
1640
4063
6413
6659
9204
4215
4096
9214
9086
2992
3101
4356
3301
2908
4149
1031
4950
2676
385
2533
5057
3295
3055
8824
3494
3173
3156
9658
3882
2741
4303
3169
3223
9598
3196
3133
9856
9544
2831
8976
788
1771
8910
1985
2193
913
949
2943
1073
2993
2411
2312
1958
867
969
232
2269
935
1020
5755
3460
916
8706
4464
4066
6403
8618
4912
5225
2608
8974
2738
8672
2283
4175
3313
1380
5587
2481
4316
5510
9292
3121
8556
8902
5070
8876
8974
8812
6349
9210
8912
8946
3133
9060
8660
9044
9340
8914
8962
413
1610
197
1827
234
351
209
199
2813
389
8704
1951
329
3023
1675
3288
746
292
1218
2439
5119
4556
1216
3779
5580
2638
2582
2653
3364
5298
1162
2375
2771
5209
2322
8364
5293
6130
2215
2311
5710
9174
6267
4428
6480
8542
9176
6175
8872
4332
8230
8778
5791
8356
3479
5675
2875
4356
8836
8404
327
1800
2038
1590
2067
2047
224
4336
222
2026
1974
2239
2021
3748
1213
2171
2219
2114
2239
2053
1391
8672
3589
1241
2067
2203
2224
2286
8612
4634
6176
2193
2266
2223
4564
2178
4657
2146
4322
2273
2252
8832
4621
4298
2165
4599
4300
9088
8942
8672
4369
4467
8674
8968
4858
8530
3807
3483
5054
4631
683
635
3171
2099
252
739
3217
210
583
236
1516
578
625
802
859
633
207
581
215
314
1939
812
2917
1283
856
3074
1967
799
3915
807
1912
1971
2179
2046
858
3355
801
1699
3035
902
3410
4616
4675
4558
3179
5713
8772
9036
2009
2047
1618
8852
1781
9112
3343
9222
6853
3424
3632
8418
1417
2317
8506
3578
1385
284
3438
347
1376
3557
1298
3668
1226
1461
765
3535
3103
1756
1241
3527
3697
293
4770
1480
3329
3319
3533
3721
1455
3712
1439
3668
3635
5651
5716
2444
3536
4279
3539
1786
8912
8512
4058
5363
3898
3050
9032
4534
2177
5622
6489
9026
9140
9216
9226
4119
5617
9002
8810
3568
293
319
737
4959
209
265
261
261
2186
303
4673
4414
974
201
5497
306
306
300
306
320
705
3114
4415
302
1651
563
2369
663
2175
3971
745
4742
4795
308
327
4961
5839
5555
619
4664
3664
6087
8634
6054
4743
4740
8504
4159
3249
5995
6008
4616
4216
3132
4229
753
643
5295
4776
2377
1160
1236
636
1520
2497
1939
2111
1175
316
1532
2887
2017
816
1132
2609
1294
2121
2171
1401
2499
3771
3933
2165
2137
1651
1666
1564
1641
5583
1547
3269
2189
1630
2104
1597
1529
2274
3812
1232
3601
8468
8806
8978
8824
8692
5467
8636
8248
8688
8224
8978
2209
8944
3672
8738
4052
2509
2489
2196
4853
2493
374
501
418
3027
753
390
735
472
2509
2648
2603
1372
2449
758
1351
2846
1380
8658
763
2967
2381
1306
3251
1588
2504
2229
3169
5031
2547
2574
2720
2370
3111
8330
1399
3079
2909
3947
5959
3805
8838
9152
3276
3089
8796
1606
2521
4005
9030
8990
4272
9148
9192
9062
9228
9022
8914
9112
3133
1949
614
3370
201
2037
2190
2161
1139
2007
4315
1993
1905
287
350
913
1410
1788
1540
2077
1578
8228
2061
8854
3985
1337
1632
1467
2277
2020
2090
302
2995
2632
1232
2198
2129
2192
2076
8496
2040
8456
8692
4981
8420
8732
5230
8862
8508
4200
8876
1564
8702
3810
3836
8958
8472
8938
4531
8674
2937
989
200
1766
956
201
1631
945
1428
905
195
203
4062
197
493
1403
8652
3839
2436
3684
944
5410
1483
962
3876
8730
2035
8788
6553
8772
4395
8552
1509
4475
1558
8816
8472
5586
419
5811
3729
5149
9170
8920
8792
5791
6541
8656
4128
9116
9284
6729
8848
6256
8678
5460
5749
9190
4414
5667
8712
2503
317
314
778
8422
585
321
617
314
657
619
321
3197
335
3172
316
731
307
314
315
8514
5914
1292
6323
2542
3994
8566
6536
6331
3913
2310
1705
743
8412
2603
6503
320
3339
2496
5991
6244
8670
8782
4068
9054
8748
8866
6356
8862
8334
8650
6564
6483
8866
8738
6657
6381
8930
6158
9044
847
8232
8608
1727
8758
773
8738
1275
1056
1330
8490
1336
8694
8494
2175
1513
4415
349
8418
800
692
1632
8488
3300
4258
3151
8768
8878
8466
8766
8750
8732
8600
8408
1376
8748
385
8658
8512
8910
8768
8538
8834
8618
8636
8440
8868
3986
8658
8652
6111
8722
8828
9066
8648
8750
8928
8676
8768
8646
8710
1860
846
795
1264
5663
3057
4406
826
588
1937
1156
876
1857
9094
140
3205
8796
5673
144
3802
3005
881
6833
9192
1001
4764
9348
3226
6814
2299
6042
3091
3876
705
3374
2007
9096
3365
1628
5528
2442
9492
9342
9216
9294
6059
9194
9586
9474
9470
9196
9356
9362
9688
9176
9400
9682
9700
9322
613
4465
667
2660
268
543
4413
615
608
561
559
173
558
669
660
520
719
667
719
3799
6107
610
5069
613
8854
8630
3111
718
3979
8232
8868
668
3277
8834
613
8452
595
4514
576
3198
6686
8730
8908
8954
8914
8584
9156
8808
8434
8638
9150
8710
2367
5882
9346
5631
9122
9274
8974
4319
293
291
285
2226
202
285
238
299
241
290
294
236
3291
4168
300
3910
2490
293
2367
234
3145
2509
2071
3043
2977
736
1547
2000
8940
8652
5228
3820
286
1388
5321
1663
3143
2473
300
3584
6272
2375
9498
9256
2619
5908
4921
1670
9022
4175
5541
5262
4849
3857
3326
3066
6705
3784
5951
5365
6066
1290
3715
2756
746
3116
343
821
2033
3877
2433
2533
2541
466
2399
2280
3591
2661
2196
2727
3706
4993
1467
970
2886
3627
4283
6209
4779
3854
4655
4997
2769
8694
2371
2819
4491
2801
3603
4559
9262
5616
8856
4976
4865
9160
5656
6406
9070
9110
8772
8482
5554
9384
5733
4249
8990
8880
9126
8948
1548
1090
1614
498
768
348
1225
1340
3219
583
614
1443
1535
1260
464
1346
626
1571
1565
1389
5748
2479
2857
1094
1471
1165
2626
2139
1920
1599
8252
1583
3040
2813
8388
2967
1393
2512
8146
1487
8628
8798
8502
4356
8444
4054
8832
8636
8634
1495
8180
1534
8782
3148
8688
8424
2902
8228
8524
8354
1164
696
1498
2506
684
8818
2539
2310
2293
9282
1274
2495
742
1497
3680
1475
1352
2006
1030
141
5076
8538
8616
8874
1966
8578
3595
2597
9192
8680
9168
8652
1387
3657
4644
5811
1541
2499
4754
2370
9246
5721
2766
9088
4221
1954
9296
9134
3904
9210
9014
9226
3893
3680
9250
8257
2403
8748
9348
2864
6087
3705
5570
804
2489
4583
557
536
3036
8674
3112
2357
8712
2770
620
3248
5539
1129
8788
381
2746
2826
5871
9190
6781
3867
3418
6637
5960
3210
9250
6536
3359
4196
1671
9020
5803
5905
5591
1793
9292
9214
9354
9296
9228
5951
9398
9572
5885
9378
9320
2745
9100
5879
5723
9324
9482
6127
9264
5704
1648
1198
1055
9022
192
1605
815
1245
872
2003
2146
1969
1966
2276
508
931
435
1003
633
269
3390
1529
3658
9250
978
1717
8944
5271
8970
4247
828
2585
1093
8812
8556
1241
1875
2041
1933
1445
8586
3195
5943
9168
5561
5193
2162
2473
8734
1622
2580
961
3953
1443
1252
6223
6815
3619
5044
1978
2030
1882
1563
5117
1489
8518
1739
1430
315
5527
1807
8336
5777
1463
4827
1301
310
1387
4883
2441
3419
5334
1352
968
8494
4347
5166
727
569
2914
4849
8426
822
3194
1392
1563
4549
1479
411
1344
8890
1841
8942
1914
6145
9016
8952
8586
9078
8932
4900
8918
8832
5255
8692
8678
8902
8588
8644
2671
2294
371
273
415
399
2449
1503
270
272
212
3432
168
2058
385
177
893
185
194
418
387
821
282
370
1545
4946
3277
453
413
2554
8940
8888
928
3208
3330
3249
966
809
9214
1608
257
8938
6857
2327
2165
2356
8946
3140
9386
2169
9112
2443
8590
9098
3995
1007
6654
8926
2438
8786
923
3694
4816
194
191
4881
1355
5429
3591
191
1420
4655
5013
2677
1405
4938
987
4873
208
5580
3501
3467
6056
8950
2832
8590
1970
3822
8874
9092
8786
8904
4963
8808
5034
9018
8670
5062
1828
8680
4165
8748
9122
8926
9116
8712
8688
9184
8602
3278
9226
2893
5032
9252
9010
9342
8964
9032
8892
2795
8858
2477
1242
9072
1114
1284
8906
2519
4056
213
1469
1071
1157
1332
767
8168
202
1911
8872
2308
9120
2144
1078
2141
4233
1155
1300
1350
2053
8868
1172
1141
9010
9048
1424
1070
1232
1095
9066
9098
6464
9190
8884
8572
9340
5718
1331
8962
8420
9100
2650
9066
8584
8970
8608
8470
8730
8900
8788
9406
8768
1173
620
5106
518
485
311
1374
1601
1031
3205
1039
1564
1400
941
1627
706
1624
1538
1579
395
591
1620
760
8562
3117
3111
1463
2089
8416
5147
8378
8146
6298
8354
981
2536
1569
976
2554
3652
4953
8872
8744
8600
2637
8110
7970
8594
8672
9196
3159
8360
8746
8658
9072
8324
8450
8540
8730
5088
501
644
216
1741
3321
591
605
1816
1797
4155
1965
1845
524
1952
495
488
559
1411
4438
1862
2013
2941
1995
1813
1971
1842
1879
8294
1790
5953
2138
7880
2046
1987
651
2343
3934
8240
3412
8898
4802
2002
8832
1706
2433
1009
8658
8976
2537
1666
2470
4622
6013
3378
2227
4449
1987
8408
1818
4412
2456
3694
3271
1559
2822
3711
5001
5942
3605
1661
2198
362
1948
371
4518
1017
177
3913
311
8120
2175
3031
4599
3971
8180
8422
8660
8378
8264
8866
5776
3082
5271
5826
8404
5320
5358
3654
8214
3821
8620
8240
8890
8776
6381
8214
3568
8592
8846
7888
5446
8986
8760
8484
8048
8830
8854
4210
8534
6208
2607
816
8626
1882
1780
277
4346
4737
1989
4243
489
1748
1705
2137
3337
727
872
1731
1480
1148
2485
4710
8588
9156
4547
490
3904
4221
3734
4877
1872
1584
1256
5830
8972
4153
5569
1801
1779
2350
8940
8984
8968
1914
5348
9270
9294
9130
9152
1943
9408
8966
2019
9036
6581
6205
9256
9252
5272
8832
969
796
1969
913
690
1976
2404
1757
1903
283
924
1896
287
278
1300
1353
4511
1711
870
1461
1537
1597
526
1873
4641
1877
1976
3274
1973
1806
8960
2703
2009
850
5215
2545
2328
2227
1710
8528
8888
1971
9072
1906
5559
4778
3307
9100
8650
8830
4490
3096
9014
9220
8342
9078
4265
3035
8702
2014
1545
6698
173
507
4125
821
3875
6089
9292
1124
1591
1343
878
548
811
502
8150
539
575
2073
1211
8662
1240
4638
1351
2793
3580
3274
3656
3600
5125
3737
929
6094
6120
3913
3524
2131
4477
1094
8812
9088
9178
8988
8834
9134
8748
4246
8898
2552
8894
8694
8688
8834
9136
5150
5059
4184
3802
8860
1393
682
676
262
3076
676
630
3259
2059
259
1524
740
622
681
624
690
263
681
677
1420
3475
3018
3010
3263
693
3158
678
2480
3689
3447
8756
625
680
2967
3138
1983
738
7900
3287
8582
6082
3966
2845
8880
9202
9058
9184
8838
8736
8636
4991
8660
9058
8902
9030
8506
2987
9008
8426
8972
8054
241
241
174
176
1061
173
3638
1005
354
2395
408
347
1680
6227
1175
241
5780
3162
2682
1629
8518
5938
1657
393
2760
1247
1729
238
1403
4525
1048
6097
1624
403
8824
3225
3022
3146
5031
5951
8818
3837
9100
9036
8668
2991
9010
1410
2137
8662
1698
6795
9028
2645
8900
1728
3224
3034
9026
241
1492
877
4909
4624
2291
3843
2345
5446
2341
865
1220
4972
589
2342
437
6425
4635
3968
756
4953
4123
1419
940
2173
4219
2352
2960
5040
2664
2885
829
5319
2355
5102
2193
6566
925
3011
2950
4209
9380
9150
6971
5096
4787
9250
9698
9282
4275
6553
9216
9454
9022
8982
1425
6749
6704
4716
6953
5071
963
1849
1811
2902
2769
1920
2719
2906
1651
1597
2440
8666
1207
1010
1149
1012
2877
2061
386
3077
2906
2211
3039
2892
8888
2829
3878
4301
2825
2962
3019
1837
893
2570
2885
4615
1051
3723
1724
3047
9330
9160
8696
3604
2744
8908
8824
9086
9102
6130
9108
3565
2413
8802
3121
9130
2917
4612
2988
159
169
161
162
155
1470
171
169
158
158
160
1521
171
2978
171
162
170
1492
159
1358
2366
1536
2206
3069
1452
2129
8674
1646
5009
1518
2689
1434
1449
1333
5162
1357
3229
4467
3715
2111
3462
2777
3787
2124
2902
3001
8852
8610
4279
5330
2177
4143
6537
4265
8442
6233
3219
8642
4282
3082
1660
1607
1664
182
4728
186
176
2357
1042
1591
1622
2102
180
3262
4063
180
1563
1397
1591
2179
5784
3545
5495
2338
1443
3471
9492
5600
5975
2877
9426
5433
1511
7092
2410
3559
2077
3716
9508
2035
5419
5755
9840
6054
9564
3096
9534
9672
9950
5942
8810
5587
9660
5573
10074
9542
9598
3550
9808
4093
262
269
287
1214
493
1304
3029
4379
1625
1903
393
1880
3877
309
2546
4709
366
956
8682
8818
8680
1641
2940
5875
3859
602
1216
2097
6026
1451
2374
5066
1661
1261
1311
2323
2778
8706
1500
2303
2749
8958
5758
8902
8966
2055
9036
8974
9168
9392
2631
8646
2992
8660
5107
4816
8488
3098
8810
9120
8528
1696
2775
3672
5399
5172
185
1761
5350
2955
8316
3623
1598
190
2780
1909
8334
2783
3015
4272
4342
8634
8774
4219
8206
8364
4997
2678
3004
5116
8416
3839
1758
4019
5741
3036
8512
4537
1672
2749
1876
8442
8774
8572
4556
8690
8830
8870
8726
5975
8576
1985
9038
8510
8598
8962
8696
8506
8734
8346
451
1331
464
1293
601
465
198
3548
5997
401
3734
5775
451
174
1368
2030
408
1366
397
192
4299
4108
1255
1345
6266
2449
1326
3719
2081
1989
8384
358
1953
2073
1300
1389
3127
1223
3939
3881
9136
735
6408
6528
4418
5564
2683
8502
6825
6490
2534
3144
4242
3007
949
9224
2336
6299
3540
1945
2838
3135
965
641
4312
3069
3999
908
3196
6708
2966
3662
3394
988
8618
676
5295
2884
4449
2550
8980
4164
6269
8800
2785
8712
928
8630
4899
5277
2426
4374
9206
4208
8844
3287
3989
3140
2996
8574
5619
8934
9130
9140
9204
5083
8904
9050
9476
5654
9260
8856
5633
8900
9238
4448
6403
9580
9092
9280
1337
1437
2198
2092
3270
3322
2639
1991
129
3152
1862
1399
3035
4866
3237
1279
617
2267
3212
2996
6224
3298
4529
5351
3059
3190
4129
2537
8894
3320
9080
463
4255
5246
4545
5814
3458
2050
3024
3133
5301
3178
4384
4455
8942
9068
5647
8980
4218
4012
4337
8394
6016
3203
8814
9036
6070
3307
7067
9040
288
3063
3147
4735
344
3237
4910
3027
2965
2927
6611
9244
1292
3926
3329
8692
3859
2838
3193
128
3263
2820
4935
4847
2701
969
2972
3093
6324
3075
6256
4502
1645
2706
5927
4742
9260
3178
3103
4057
9460
9222
4863
9168
9396
3110
9242
4303
5822
9044
9066
6371
4802
9258
8804
2843
4619
4725
3329
9412
1586
1558
4815
2021
1605
4044
2705
3975
846
5590
3869
3970
870
3801
4006
4094
838
899
3108
4465
1405
4081
3810
3966
3854
8788
5232
595
3966
5057
3877
4516
5144
4142
2182
5102
3220
4092
5425
1584
5456
6705
3868
1786
9292
4407
6885
5202
5177
9174
3979
5342
4878
6400
5604
6641
3920
8814
5438
1603
2171
2833
718
671
1990
160
5922
3050
2009
1003
417
725
1075
1797
544
2475
1514
1789
157
2044
997
1074
1112
3224
726
1013
3359
2907
1119
1815
5667
809
6074
3583
972
6035
3273
1027
2157
3297
8578
9156
1200
9066
2659
9124
1975
8904
8942
9192
8498
9076
2085
8830
6317
9094
9024
3827
8718
3235
723
727
660
1474
774
714
534
685
2605
8748
249
824
2060
241
5195
799
2123
4763
5181
252
2936
2579
5254
2019
8726
5400
3914
3786
635
2679
3388
4911
2374
5023
2617
1157
8238
1022
4978
8602
8602
8316
9040
8850
4453
8806
6278
9128
5652
9178
4155
9202
9108
8824
4280
6000
8920
9226
8428
8856
532
5524
3311
2781
537
3022
1191
653
2365
567
1485
517
537
1414
2732
4306
649
569
860
649
4452
8564
712
599
2251
8336
1270
8062
8136
7832
528
1124
539
1419
7900
2894
1176
714
666
564
2799
8710
8812
2035
1274
588
560
8770
8366
3449
8312
5994
1723
1807
8308
8176
8464
4682
2375
3733
173
2588
708
1414
3519
668
3336
4363
1962
758
2137
832
1092
3249
3571
1946
2117
5915
1081
8272
3820
8286
2185
995
3268
1049
1309
1038
3220
8626
1394
3186
8190
8164
1000
2027
8104
3714
3490
3089
3919
8482
8774
3666
8790
8638
3847
8322
8344
5895
3503
4221
1416
8484
8760
4763
3956
3195
3983
8336
1640
351
1273
1567
8888
4057
239
1049
3888
5399
1716
1014
5207
2989
5013
433
234
1446
238
908
2114
8362
3667
1998
2142
2017
5115
1662
2218
4036
2057
2460
8092
1128
8734
620
8124
1573
2446
1626
8780
5444
5790
8924
1992
8966
8826
8970
6639
8692
5423
8850
4120
8434
3847
2050
4045
5895
8656
2641
1642
1964
1481
1290
1305
2748
1325
884
2371
2313
747
1362
3776
1488
409
144
1231
2336
1454
2470
2570
2495
9538
1395
2480
1746
4627
3017
2367
1388
2091
761
8926
2483
5792
2534
4118
1355
8994
1797
3605
9072
9012
9148
3751
3537
9314
3567
9248
9072
8928
1889
9462
3011
8780
5690
3957
9192
2910
2393
3035
1465
1343
127
3113
5383
8586
1433
1377
549
2054
1499
819
129
2379
946
3682
3046
1707
125
9286
2969
3274
3196
3273
3937
3312
3168
3221
8828
3384
1463
2239
8450
1435
8942
8774
2948
8954
6372
4808
9304
9248
9164
9342
9060
8864
9564
9116
8962
9266
9160
9122
9104
9050
9374
8990
9130
8990
9536
354
352
295
364
352
350
586
482
675
8256
719
2137
8304
1034
8098
2103
351
783
394
405
5060
8978
743
8394
461
307
5537
5479
4453
7656
2740
7778
5183
2180
5357
2874
1626
4652
2067
7740
8726
5739
8854
8530
8914
8490
6019
8784
8356
5591
509
8990
7924
8654
4002
8338
8654
8840
6001
8636
1269
616
4390
5896
1412
3541
567
1392
2321
2029
2014
1385
3389
2033
5460
1276
1485
3414
1325
2433
2354
8140
4426
4565
8200
4515
2279
2434
2384
2860
4263
2465
2454
4332
2688
2696
1457
2439
546
2748
2306
4387
6542
8676
2407
4308
4531
4120
8616
9064
4379
3621
2534
6642
3046
2559
5989
8808
4286
9042
1818
9380
868
5989
1475
1021
4064
1024
9298
3173
1102
1040
3220
3086
5658
3645
1010
9256
1063
4171
9482
6515
3886
9446
9110
8914
9496
3609
8910
9282
8992
4680
8942
4351
9282
1858
3463
3514
9004
967
9068
9298
9866
5879
9558
3181
5918
9320
6107
4675
9480
9586
9524
7067
9510
9640
9494
9268
5992
9596
2612
506
9010
2779
1048
8540
8766
1732
1404
236
8856
972
8922
6207
8898
240
1490
3946
8934
1009
6056
1602
6336
2148
2538
9282
1335
4739
9112
8918
2812
9230
8914
4619
9230
9188
2695
9236
3299
5863
9116
9190
3374
9190
9246
9296
9192
9002
9174
9394
9174
9106
8986
9140
9158
9212
9350
3294
8764
9254
528
1790
3616
612
3748
647
485
589
593
574
1490
5826
609
659
574
654
668
6480
599
1819
1895
5887
2502
4093
3530
7162
3394
1881
634
9390
3300
1578
3825
4028
1460
6228
3445
4279
5309
9174
9314
9256
9002
2457
9186
9262
6807
9630
6033
5993
3627
3586
3359
9590
3592
6935
3069
6492
9516
9582
8974
781
396
778
1719
1811
2268
1758
1067
798
2271
361
3699
3909
2051
2752
732
1870
8904
880
5526
8840
9246
5169
976
5390
639
5221
8982
3044
1733
5647
9226
4122
5165
784
4953
1746
5077
5297
9330
8758
9306
8914
9414
9304
9298
8992
4878
9236
9130
9224
9360
9214
9220
8674
9336
4847
8950
9392
643
619
421
561
648
643
628
424
654
588
646
592
577
408
651
639
602
545
648
658
4512
668
2213
658
2156
658
4044
3837
531
653
913
4367
4319
644
8924
2127
601
4899
1166
1069
6322
5060
9010
4605
4916
4551
4594
8842
6120
3877
4303
4687
9252
4745
4582
4128
8574
8442
4555
4699
2727
1650
2663
497
474
175
2803
703
4247
2814
4694
173
2296
620
178
2901
2591
2909
175
1704
2249
4207
4377
2711
9152
3607
4700
3311
2836
2218
4353
4367
2817
4092
2791
2373
3185
3211
2970
3877
8998
9334
3327
9374
7001
3001
8950
3194
9318
2481
3663
8636
5776
9202
3426
9452
3557
9304
2808
8770
1655
954
1086
173
2399
926
797
467
1045
3250
1053
8352
1005
943
977
1004
465
886
1258
3505
2979
8168
8430
3048
8156
2725
980
911
1475
5310
450
8258
2795
2912
3010
3606
2755
2725
3598
2011
8746
8690
4276
2378
8222
8700
2998
8574
5345
8342
5963
4077
2826
8542
3014
8556
8496
8660
8894
2949
824
318
1236
1943
225
1801
1930
2130
1489
1462
1723
2986
1829
2099
1940
2075
1969
2395
1222
181
2865
2206
1815
5026
1802
2212
1959
268
664
2445
1920
1971
1748
1933
1112
2133
2253
4392
1835
2153
5431
2590
5623
3697
8976
5488
8840
8908
8852
5482
4795
9290
9014
9352
8956
5636
4452
8980
5049
9106
262
2372
2457
145
215
559
1240
7848
823
145
2701
873
263
3185
1693
258
1730
818
3975
3287
7926
3793
2203
1227
5981
937
4698
3829
3702
6164
2603
1924
1337
3866
8312
3179
8186
3961
1490
8200
5988
5751
3857
3977
8586
8682
5068
5620
5993
8668
8466
5853
7994
8988
8652
8150
8332
4075
8718
8502
3458
2533
3586
2646
2614
443
2430
754
2118
2107
118
2605
2691
3045
1417
811
6290
1433
768
3911
2586
4779
2595
3199
2315
2545
2663
3283
8854
4611
2431
5436
2401
3062
2668
2206
2403
2509
1390
3078
4071
5359
3699
3260
8760
2530
9192
2495
9004
5289
9030
6120
9230
5356
9078
6379
8954
2236
8828
6385
539
209
665
551
584
633
556
502
619
649
610
482
553
516
477
557
530
503
555
607
589
609
660
1039
577
2155
623
9258
2135
2501
2406
598
688
611
762
2306
550
1036
705
639
678
2385
585
9106
9126
2374
9294
9270
9688
9534
683
2307
2235
2256
1185
3888
6556
2392
9404
9278
1164
4541
2901
766
1359
774
374
4577
1213
792
2322
788
3047
5319
640
576
1102
734
778
9082
732
3336
1207
9016
8860
1159
3169
4267
8524
8540
8562
8560
8570
8556
3322
3227
8826
6141
2809
8546
8416
1371
8916
8908
8862
9140
8606
8698
8994
6145
8740
8916
8780
3406
6223
8420
9014
6198
9022
8772
3254
1224
2317
2846
1081
1130
873
1126
1109
2762
1418
3161
4450
1286
2198
843
691
2016
1054
1245
8402
2288
3254
4550
4884
3045
3223
1450
1435
3763
3602
1620
1113
3260
1506
2479
2726
3572
8294
2817
5165
8272
4436
8934
3801
4547
4740
4785
3634
8422
8022
8456
5064
3600
8312
3538
3940
8542
3682
4652
763
710
818
2175
528
178
139
430
2036
485
429
432
469
1193
537
1922
160
2158
869
8108
2715
871
928
761
2075
870
7974
2564
418
1303
2036
487
3726
430
1667
516
3762
8232
765
3866
2152
2173
4280
8520
3840
2747
3804
9088
8820
8876
2695
8816
8402
7966
6603
8838
8846
8654
4307
3400
1211
1488
1453
3930
454
1551
1439
4172
495
583
3857
3496
3244
1191
1398
1449
4672
1462
504
2663
1554
6472
3385
1619
3633
8672
4026
1625
8990
4674
4102
4616
1578
4233
1493
3870
9072
1210
3590
8862
4886
3965
5762
3519
3392
9366
9096
4033
4040
8898
9272
9234
6155
9118
9188
4032
4527
3973
8788
9322
3341
3360
4588
3472
599
8716
5449
2472
3024
2194
3229
3930
224
3295
2243
3241
4875
567
1164
1147
2163
3477
5939
6000
9110
3666
9000
9176
4223
4083
2973
5925
817
2407
5526
3857
3856
3192
3466
9234
5364
9188
9152
5976
9610
9176
9362
5004
5960
4725
4308
9064
4900
9304
3531
6264
9128
9166
9356
5740
2373
1265
2367
743
2338
1275
1600
2921
614
261
1267
9194
2974
1245
1568
727
683
1502
227
661
1410
8414
2403
1476
1484
2821
9136
1417
2404
4443
1408
9070
1393
1500
6045
2157
2824
9262
2197
1329
9126
6488
2853
2211
3619
5189
2537
9340
8928
5727
4581
9108
9278
1368
8506
9326
5943
2973
8894
2287
4621
543
561
2435
999
389
2388
585
760
1389
4749
4725
478
968
579
599
2119
878
873
4756
4488
4841
4726
924
4785
1509
3946
4844
9316
6318
4769
6236
5121
1643
636
5119
346
4823
4517
4714
9410
9394
5069
8834
9394
8760
4667
9260
9190
9096
9118
5662
4652
4774
9048
2331
4687
9224
9270
577
682
2806
1107
1363
2999
731
388
8310
1824
8252
8174
3482
1943
8174
576
3219
2979
1838
1807
727
3527
1522
2301
8286
5951
8714
8564
1519
8778
2355
8364
8040
6199
4969
2046
7870
2396
3673
2354
730
8464
8570
8390
4919
3566
5211
3860
8128
8710
4402
8088
8284
8608
8608
8608
8444
8662
8554
8542
8184
227
230
990
3462
856
329
4612
3688
3163
272
8452
1316
4580
1341
8240
1766
8192
924
920
3785
8398
3945
4706
8764
1398
5539
8216
3710
6182
6028
2144
4803
8406
5408
2713
1731
8124
8378
7876
8688
5436
8820
8582
8540
8822
4437
8662
8468
8406
8768
5523
8534
8608
5159
8380
2696
5667
3703
8402
8798
1977
1961
706
1588
276
1732
1847
1938
219
2514
279
1700
278
1484
274
1057
148
2170
818
1799
3113
8580
1833
4961
2777
2105
3864
3684
4193
8746
2803
1861
6092
2145
3960
1643
2326
3979
2567
2422
8978
6173
4363
2515
8736
3928
2674
8656
8640
3478
9046
9122
2358
6257
8904
1848
4108
2617
8772
9072
586
3226
478
542
126
4443
535
526
126
657
547
213
1914
636
587
205
908
529
582
1374
8582
6387
3562
3273
1253
4627
3534
3000
3959
1761
1398
3370
1939
3473
4181
8928
1014
5803
3389
3616
8990
5505
1567
5158
9252
8990
5979
9398
8944
9088
6468
3194
3343
8826
4243
9178
8858
1602
3922
6087
2342
1273
3428
122
1257
194
1297
1160
1226
1275
1097
1105
1282
1077
819
1266
1157
1221
1184
1912
5149
996
1298
4710
2860
972
2349
1228
3250
1806
3769
2246
3999
1159
3793
4155
4368
5776
3820
1239
6369
5713
6355
6334
8542
8716
8724
2471
8848
6083
6058
6517
4688
6503
5808
8400
9056
2446
3942
3927
2743
635
3883
2487
3497
2464
2337
2749
1060
2177
3407
398
2623
718
566
6513
1514
447
439
2392
769
9092
8796
2115
1716
5467
9028
3817
9148
9118
3619
4035
2633
3882
4071
2366
868
4575
739
3060
8882
9130
4381
8958
4139
9096
9236
9482
3371
9432
9392
8718
5419
3423
7048
9150
3616
9508
8886
9266
1619
5446
9124
3019
235
231
2384
8788
1581
424
8808
1807
463
803
1373
2101
5706
2130
2027
5336
2403
5995
2332
6477
8554
1896
5448
3109
8612
2855
4937
6344
8912
1989
8690
8890
6474
3603
2946
2909
5510
9346
9076
6727
6301
8478
8886
9106
9406
9214
9010
8958
9254
9494
9026
8986
8942
5219
8412
8812
5295
8894
446
1688
9464
9200
1745
4045
3291
407
251
1938
3229
250
9204
5596
1352
6752
3287
2232
3558
8942
1855
4989
9390
5126
9760
3517
9280
9168
6412
2002
9294
4682
5552
2920
9148
2048
9470
6015
9398
9628
6582
9568
9502
1767
9622
3204
9506
5299
9632
9698
4848
9442
4559
9610
1978
9390
9436
7020
330
8644
8760
788
316
1894
9396
320
2114
5868
8954
8816
334
9294
2889
2297
2082
8974
851
1422
8782
4341
1549
9166
8910
9098
9266
9006
9360
9068
9056
8970
9330
8748
5800
8352
9172
9060
908
2352
9360
4323
9106
9166
9048
9196
8914
9148
8734
9124
9364
9614
9298
9226
9300
9404
9402
9386
9276
9220
5013
4954
5499
8980
189
756
1241
9062
1693
194
132
386
9236
335
3717
1824
5600
185
1365
5246
5161
9286
965
9156
5006
6245
9546
4203
2363
9392
9386
5037
2178
4079
9014
4982
8896
9374
9148
3750
9388
9098
9430
2247
9270
4495
8962
9396
9592
9334
9412
9104
9428
9052
9626
9588
9532
9488
9130
9512
311
201
833
310
778
778
371
273
252
831
264
600
192
619
257
247
242
2159
254
160
1209
714
738
2154
692
326
3801
711
787
673
2621
563
607
708
780
255
2419
3460
2209
238
808
8964
5006
2833
4932
8526
8746
8466
5047
2378
4055
5780
3731
8606
8350
5080
8190
2134
3328
8886
149
589
2147
1394
156
1015
156
4448
1617
2501
1695
1082
2193
988
1519
1700
497
1035
1059
157
5135
2974
5574
5239
1762
2687
4413
4041
3403
2023
8298
5319
3207
1704
5515
5199
847
4432
1846
3329
2280
2861
8888
8614
8564
8706
5586
8636
5583
8772
8586
8862
8388
8688
6221
5716
1993
3292
8608
6391
3949
717
532
637
127
353
733
8416
723
724
600
337
619
2479
1374
714
564
8160
731
635
6337
5072
1429
4657
7904
2299
2507
631
4306
3736
1946
615
1445
3772
4521
1762
679
4256
2864
2734
8748
4173
3835
9214
2202
3811
8386
9068
8380
8566
4125
8918
8810
8526
3858
8744
2936
5461
9192
4709
310
1925
720
310
2658
713
267
662
2382
764
2778
8280
1823
2557
2262
3903
1876
1439
5467
1543
2320
843
2617
2520
4536
1994
8394
2411
2551
5501
8568
8594
2791
2670
2816
2269
2950
375
2721
2485
2410
8952
5521
9134
5427
8812
8586
8824
8952
6096
9126
2316
3102
8774
9222
9066
2677
4642
9000
2983
803
2333
188
1619
2942
4056
189
604
1615
1385
1447
590
745
1693
2032
1315
3526
1237
762
669
1214
8374
8270
563
5470
1958
2631
3615
971
3679
3483
1607
2471
8668
3737
531
1638
4764
6153
3782
5182
3567
3734
5534
2055
4276
2865
3952
8826
3768
8730
8580
8736
8622
4646
3766
8672
1816
8824
1848
2524
614
1099
3369
1852
4519
1921
5634
2208
5095
3509
1947
1775
796
1839
556
4790
6099
2880
575
8854
3507
8780
6268
5941
3551
4369
2059
5319
8596
5743
3271
2347
8842
8698
8450
8296
2270
2616
2235
8890
8932
2557
8320
8828
5862
8856
5615
3882
8788
8468
8642
8740
4963
4479
6135
5920
8662
8092
8588
6109
751
5125
622
548
589
4750
3389
4480
171
4409
1204
1519
4645
778
1315
370
584
175
5090
9524
2921
5062
9070
4783
4375
9182
5076
3072
4297
4788
4285
9362
5037
6541
9424
4831
8900
5313
4124
9328
9202
9416
9580
4094
9316
9580
9196
4776
6451
8914
4030
9478
9528
5084
9046
9132
9324
9716
9236
166
8916
2366
2007
4898
3921
1545
159
3154
8688
168
2996
166
1419
1329
159
170
159
1401
170
5765
1566
3223
3429
2186
9334
3302
4404
1401
8066
1440
4621
3200
8124
2065
4931
4720
9102
8858
4253
8752
5318
6225
9016
3015
8782
8958
9376
9304
5913
2584
5044
8994
9384
9132
9220
9196
9306
9110
9134
3954
8360
985
947
5851
979
4351
864
947
226
939
214
4854
385
887
1150
905
939
388
8794
932
4701
4943
8504
1118
922
1001
1649
8440
4683
8860
5062
8634
977
4760
3902
4149
8312
8630
4799
8948
9206
8872
9126
8600
8846
5218
6042
9030
5239
8740
8780
9092
5729
9022
6329
5020
8860
5426
8852
5532
2348
184
4790
802
4789
8778
185
877
895
218
176
998
2245
2985
2389
290
185
185
187
3825
1810
8550
446
2266
8714
2253
6113
3732
2825
8808
1427
9178
254
1030
829
8978
3899
2455
3559
8926
9428
9370
5462
8724
9058
9162
3697
2857
8858
2943
5810
6369
3721
8810
9068
8530
3663
8730
4175
8826
520
2742
837
8612
495
561
614
491
456
8734
716
8484
561
3841
701
602
4825
610
607
8276
5981
3549
457
559
9156
8652
8930
3998
4321
3530
938
609
600
8442
5462
1791
8698
556
2500
5679
9076
5848
8824
9138
9002
9054
5494
8892
4518
8538
902
8876
9156
4637
8798
8778
8862
4486
8916
1083
4221
4635
2269
165
171
5993
959
722
161
1108
710
4267
8254
1852
4784
1125
711
1031
578
4900
3919
3186
4805
4748
8756
4962
1021
8576
4411
8526
3353
8648
5372
2409
5442
3201
4733
3254
2480
8512
8844
9278
5043
5448
9342
8862
8846
8768
8906
5479
3229
9180
6472
8792
8676
8998
8834
8922
8786
2523
770
154
976
278
1091
909
1417
3465
297
1970
2633
587
1862
277
941
293
1217
179
289
5304
1413
983
1083
1511
1981
639
2527
5662
8374
1080
1377
1124
2531
883
1443
3589
1037
4337
1252
2816
8408
2162
3568
5985
6162
8546
8682
2670
8412
8594
8818
1555
6541
8376
3957
1105
8540
1401
8872
1897
2001
2742
2078
1909
4327
2095
2095
1113
382
1302
2021
1762
2144
1978
1036
1849
2151
1575
609
3764
1916
3833
9228
9686
2337
3254
3907
4917
1971
1956
6265
4204
5368
1992
4223
2250
2194
2186
9274
9222
9016
9090
4534
9066
4449
9234
9246
9314
2148
4342
3980
4893
4238
9152
4375
9092
4312
4363
1894
486
709
362
559
173
423
528
1338
487
426
420
721
600
4017
1314
871
600
1998
579
1254
3535
429
472
433
2513
2782
815
1884
487
2173
870
680
819
3562
1426
521
1377
433
816
2002
2311
2190
812
4506
485
4714
8588
2755
9020
4144
1978
8840
2829
4009
8800
8970
8812
9034
5358
1427
381
251
8346
491
8566
1360
1654
2935
1996
1864
732
8230
252
3781
4775
8278
1727
3774
5071
1067
5063
2017
2959
8430
8604
3742
8576
8272
8526
2803
8666
8526
2154
8680
1394
4930
2932
8586
8924
493
8360
3676
8770
3768
8798
8764
8878
8472
1400
8842
5419
8618
8620
8658
5086
8664
8584
8366
8158
8606
3152
4215
415
783
1725
3781
1648
657
1070
1699
815
2012
839
2933
2345
1209
2483
1742
1312
1658
8958
9040
3030
3157
3175
3819
1833
1702
8868
8684
2057
828
3337
1169
1710
3030
9458
9740
4115
3986
9436
3777
4158
9434
2147
4213
9692
3802
9640
9414
4013
5545
4452
4062
9524
9184
9102
9542
4936
9312
1397
1294
1346
1285
1277
1511
1286
1241
1162
1230
175
1396
1271
1355
4375
1831
1243
1328
1215
2034
1255
1556
1475
1235
1554
1323
1291
1777
1944
1774
1129
1874
1939
2568
1296
1881
1404
1987
1293
1558
3200
2977
1587
2654
3419
5729
1985
1515
3329
4113
1966
4092
4230
3546
2961
3225
1914
2892
4580
1990
341
4411
4239
6420
859
8366
1305
1313
4257
3245
9008
602
175
1493
3323
557
171
1576
835
8794
5933
2205
8774
5722
2061
4436
841
5176
3970
3295
3357
9306
5745
3204
8812
4409
726
3198
3599
3136
9492
9302
9382
3728
4469
9412
5544
3198
9406
8848
9290
6280
5605
9134
9314
9308
9714
9204
9264
9390
832
2767
3793
578
4378
4387
945
864
957
2147
6313
164
787
1732
2203
155
924
8894
785
695
9140
4829
8378
6629
3042
4395
5935
1479
3850
2584
3980
5923
4409
9320
1660
1843
5674
6160
2919
5917
9134
9176
9218
4543
8634
8838
8958
8922
2439
3640
1661
9464
8988
8858
8498
5451
9084
9094
9146
9074
3407
5602
2973
8742
1734
3781
3299
1731
1594
5527
603
2092
1590
1703
3083
1974
1876
1556
3135
3443
9366
3198
5711
5956
3781
2346
3209
8674
9134
1999
9012
943
1008
5220
6685
9152
3229
3014
6125
8872
5178
9322
8730
9226
9034
9432
5517
8844
6490
9272
9030
9248
9446
8832
8848
9594
9342
9086
5412
9168
519
3373
4347
2831
552
3344
425
8986
4467
6484
4348
517
1567
1066
171
3431
168
3103
3112
3631
4528
9168
9286
4795
3379
3507
3744
3636
3543
5523
382
3603
3125
4402
4320
4494
2355
3943
3672
4555
5992
6664
9594
3603
1546
6930
9536
9474
8690
8974
5536
9148
8646
4607
6083
9516
9178
4883
9450
4790
884
1701
809
796
3025
1205
3316
150
733
992
439
4696
2003
1364
1224
772
144
519
1369
733
1771
2236
1793
4762
3034
1176
5173
5150
906
4268
5284
5061
1308
8402
8466
835
953
1139
743
1186
5058
8936
4749
9060
5132
1338
5520
3454
5037
2392
4201
8866
8646
8720
6342
8904
5645
8826
732
3247
974
7876
3871
4273
934
612
3081
967
2030
4141
5683
4249
775
1985
4876
755
1090
1115
871
1295
4192
3691
7838
4807
8602
4142
8136
3491
8418
5687
4801
8500
1050
3957
3133
2802
2772
4093
3748
4167
8730
4169
8216
3912
8092
4260
8102
4770
6363
4117
8774
8806
8570
7898
8558
8842
8586
8660
8656
6081
1618
1680
2131
7992
2401
569
258
8360
8194
1718
1757
199
2357
2532
601
575
1977
1788
860
2334
2246
755
2438
6057
2296
2294
1472
1501
8230
2305
2443
2474
1655
2299
2313
8040
8196
2523
8224
5533
2403
8504
8036
5638
2380
8038
761
8222
8488
8470
8100
8568
2437
7944
8274
8210
8584
8806
8706
8590
1433
176
1608
4147
1605
1449
2012
1980
1415
493
1548
1414
3687
3672
1577
3228
169
2503
1378
2851
3765
1896
3809
2167
3662
4794
3742
2938
3473
6490
2266
1762
5412
2372
3494
6079
2798
3382
4047
2334
3669
4785
3882
6124
3764
2015
8694
8774
9118
5134
8496
4682
4502
8970
8892
3697
8876
8340
3826
3750
601
2144
3954
529
575
685
679
4939
611
1482
920
574
5242
564
541
676
1619
627
872
1905
2883
543
5475
4083
1406
3772
8680
8474
706
6206
688
8324
4643
1724
1364
8874
3994
2882
696
941
9130
9216
9004
9122
9372
8864
8744
8902
8830
9154
4939
9174
9368
9424
9234
9160
9158
9044
9426
9182
2511
1299
7718
686
3653
4113
1201
1057
3632
613
4055
3478
321
3899
5854
720
4372
324
4180
3954
7972
3523
3754
3787
3786
8686
7704
1215
2805
2224
4868
8420
4159
5120
3641
4258
936
4263
1963
3700
4059
8574
8546
8640
8886
9036
5783
4103
8768
8892
8582
8188
8548
8912
2680
4685
8320
8454
5102
3922
564
3691
1903
602
1749
2069
1834
4961
4978
489
4059
3904
541
1044
1915
354
573
2733
713
4711
4925
1137
573
4815
3787
8724
8822
4191
3569
5082
4558
569
4342
9212
1304
2429
5169
3760
5152
6582
9510
9314
9380
6276
9068
9234
5253
8740
9390
9146
9356
9122
6215
8820
9014
4952
9272
5146
9362
9278
1792
1600
1881
1897
808
1491
2483
2507
5838
1689
271
901
3413
655
807
431
886
258
1403
2721
3225
874
1705
3424
1950
973
6320
3257
2197
3580
4728
2468
9130
9302
3519
6583
3261
3033
2509
3150
6126
6287
5232
5755
5102
9332
6379
6653
6380
3339
6113
2635
9680
9150
4649
9188
9538
6347
9544
9540
511
727
649
660
3886
651
669
623
553
3984
615
604
4965
618
552
583
579
562
1426
651
612
574
3982
641
713
9082
2465
8842
1450
511
549
550
633
513
2266
4130
4111
1250
725
511
4209
9470
4056
9002
6406
8936
2409
9608
2297
2748
6449
9060
8894
9036
4115
708
4038
9038
2513
853
5650
8616
9172
1068
4508
749
504
955
497
388
702
9248
407
1059
856
1509
678
4691
4338
2701
9198
3773
8758
8764
781
1471
2369
1319
964
5226
4481
1552
9318
9084
5658
2047
8986
3739
8656
1612
9072
9366
9370
9468
9262
4528
2988
9248
9202
9528
9294
6046
8818
9146
4885
9146
9140
5616
9454
5878
1141
1503
1396
2412
2283
1790
2838
2362
1024
832
1304
508
1145
927
2156
2268
247
2279
2109
1129
1696
3298
1134
2748
3532
9050
3447
1841
2045
1752
1215
8948
1774
1311
8448
2342
1123
1253
1729
1526
6506
9276
2291
9518
9666
5494
2761
3665
9440
4800
3808
3589
3426
2973
8926
9252
6596
3769
3300
3672
233
296
287
157
448
241
235
468
969
856
285
240
1171
171
184
468
883
161
172
173
1805
972
238
833
1792
825
2064
1688
796
1786
285
6291
1462
1171
953
1111
232
1792
2701
1134
1888
5639
2857
3217
2207
3020
2814
2651
1000
4141
3136
1075
2206
1927
2959
1970
4280
4431
2694
8652
1298
1577
1895
1734
1574
1735
1561
415
1795
1789
1228
928
4873
1641
411
1656
182
5916
1835
417
2863
8322
3619
2321
2482
1587
7966
1712
5954
2299
1655
3418
1475
6139
5880
1806
1892
5697
3911
2083
8522
4180
4341
5264
5582
6133
6032
5954
2458
544
6213
6079
9116
6039
3020
8478
6389
6257
5666
1701
484
473
2333
1935
902
519
457
509
592
583
2436
939
696
696
1278
576
775
2368
2382
471
2591
2276
1247
2218
1721
1509
4460
1658
2302
991
903
1955
1747
1758
1808
1729
1007
1672
3526
1887
1890
2267
1723
4605
1605
8606
8808
1793
8082
1992
5466
1760
2533
2055
1980
2591
1717
8566
5360
1818
280
225
966
920
337
284
4343
283
283
4298
1013
1938
4509
8540
4341
1923
2145
3730
694
4381
4233
4366
794
855
2171
8614
8628
4120
8720
8986
1796
919
8232
892
4301
8330
6129
2874
3736
4442
4599
4867
9122
4567
4329
8982
4407
8550
9148
8958
8492
9010
9094
8968
3960
4324
8604
2053
4519
4492
2746
4301
351
219
1387
699
1849
763
283
1135
701
9154
2617
386
3641
8820
2825
758
3695
815
3811
9182
9288
4112
3583
2552
4240
2717
6169
1983
5653
3712
1149
6816
4513
9324
764
3823
350
9340
9446
9278
9242
9252
3695
9202
5945
8968
2681
9270
3463
2045
6618
6793
9328
9420
9162
4425
9312
9350
365
419
4544
877
493
328
4945
433
896
435
449
222
393
250
283
1212
397
558
424
394
370
1113
436
964
8174
6032
383
6137
787
8714
1024
8890
411
2559
6322
6146
2108
8916
942
5702
8762
8884
9138
4168
2042
4428
6144
9024
2440
1293
8978
5943
3495
6117
1440
8946
9274
4634
8856
3991
722
1035
2621
588
1072
1584
266
1169
2728
8592
1085
1105
1037
1621
1024
4447
1077
3529
3507
1107
3359
8692
1609
8742
4578
1813
4495
1603
3132
1597
8856
4378
5406
1083
3365
3645
4676
4447
4713
5377
4927
5532
4648
4267
5489
9388
5296
5587
4335
5296
9098
6706
5157
8936
3391
5085
9036
8952
9390
9174
153
1288
152
439
1950
1486
1738
1288
4605
1203
1351
1545
494
1357
1590
1432
1339
1368
3114
1626
2607
1879
1427
2171
1966
1246
1937
1145
1177
1996
2535
3533
1285
1166
1969
1528
1446
1455
1531
2161
1450
4900
2847
2150
4500
3061
3084
2688
1358
2760
2224
4546
2218
5071
2685
8604
3201
4027
3695
2399
9240
2105
1142
406
870
2242
1280
2493
1160
3250
774
2095
388
3109
3543
9164
1161
3834
435
3793
1696
2688
3812
1269
3793
2077
872
2158
8974
2059
9054
2798
9098
9038
4214
1878
1720
3332
3251
2773
9288
5834
9688
9220
9666
9316
9504
9712
3979
9264
9566
9414
9270
9212
4266
9416
9350
9360
9564
5800
430
174
503
3893
428
1083
1489
398
5791
1858
485
1105
2038
4390
1146
174
3331
4666
484
1540
4747
6380
3825
1125
790
6572
5774
4046
2118
2079
1468
3064
3087
3933
2804
825
4966
4121
1981
3212
4097
5148
9050
3574
6374
8954
6842
5768
1489
6648
4924
3617
5770
4082
8764
4898
5516
1221
9076
6748
915
734
1075
737
1373
720
1049
5562
888
776
1072
2886
4129
5637
826
2972
913
700
847
5159
3923
4219
8292
2235
8766
3541
4453
6134
890
1148
5783
4512
825
4945
4217
1466
3173
2255
5626
5093
9284
5443
5549
9136
4106
2128
9082
9208
8796
4051
6582
9324
4763
4082
9042
5484
8584
4175
2280
9052
312
1820
561
2471
1473
1963
489
3098
3344
878
927
570
1697
3535
256
5942
263
892
5900
260
1854
2408
2704
3423
1803
2682
3779
6097
4554
1833
3570
8568
3326
2709
3722
3535
3197
6178
3572
2383
8618
3546
1829
8710
2000
3480
3661
9050
4650
8884
8978
8208
5215
8588
5982
3538
1819
3629
3562
3700
1445
3908
3822
2552
341
8778
3780
1379
156
153
1493
2944
3379
4530
730
466
3112
4650
1615
395
2635
8820
4897
3689
8634
3151
3452
5955
9076
6047
4023
4640
2913
1166
3026
3006
6337
3330
8914
3403
9156
8890
9290
9064
9070
8598
9226
9074
9038
9196
8838
8872
9046
1446
8488
9266
8720
8864
8750
9016
4937
2187
449
5625
1830
323
323
8388
1305
558
3027
8236
282
5756
3970
476
1714
8652
323
268
2301
3852
8404
8662
8926
8864
8652
3074
8966
4799
6256
8598
8534
4506
3956
668
2366
8614
2102
8806
8770
9152
8926
8920
9024
8790
5474
9058
3004
9106
9120
9036
8768
8734
9126
8862
9272
8634
9096
8736
353
1119
3487
8068
2983
1299
1264
246
1511
313
2101
3111
3321
2377
5131
5719
2193
3475
5909
2679
3537
2002
5749
8044
6223
7916
3060
3227
5996
3658
2775
2423
8174
3450
3513
1182
2428
4539
5476
3231
5801
3261
8426
4532
5799
4874
3203
8832
3984
8156
4068
8626
6137
4157
8378
6106
5719
8546
8388
3704
625
513
1904
5464
273
9786
2180
9708
265
3758
265
2554
2027
1706
254
2234
318
2836
2243
276
2185
3046
2010
2009
3758
2021
7367
9212
9280
5409
2088
9468
2078
2200
6056
9508
3231
1589
9538
4311
10220
9810
9942
9868
9778
9772
9266
3263
9794
10100
9544
9882
9880
2957
10122
1897
6102
5882
10084
10312
2127
1070
923
970
1994
2175
2404
622
968
1135
252
1820
1184
2224
946
933
2339
986
1742
902
2237
2516
3570
2251
2269
2974
2227
2424
2179
2723
2723
2433
4210
2317
2469
4879
2144
2104
2021
2494
9192
4257
2216
4175
2454
2365
3437
2410
3093
2452
5396
2291
2263
2400
2730
2533
2462
4005
2949
3858
699
616
558
1552
639
832
8324
1702
3876
857
2617
3614
3783
955
3938
1300
461
1272
820
2948
3988
3975
4019
3646
1049
8218
8468
8356
1890
3025
8396
4531
4616
4874
8548
3383
1586
4193
3135
8684
8578
639
8530
8382
8814
8288
8488
8794
5740
8212
8964
8218
8702
6313
6122
8440
4075
8644
6084
5374
1644
713
527
336
8230
5582
3606
3010
1142
1739
1545
1710
385
357
367
491
1729
1498
3480
409
1907
5874
1754
3885
2991
2654
8678
1841
3121
2984
5677
1747
2194
2003
2287
2965
2799
1432
3656
2413
5808
1873
2863
4578
5633
2768
2920
3041
2931
8144
2285
9084
8440
5590
5921
2981
4309
5622
9076
3057
717
6149
2195
4839
1482
769
871
787
1788
714
1638
5907
2488
2227
3283
839
4931
1703
1514
1568
8464
380
2553
5206
1461
5488
8874
4833
8528
2542
8816
8666
1822
9098
8486
8494
4612
9074
1556
9166
9164
8882
5755
9206
4166
9442
9304
8974
9508
9084
5951
4946
8796
8906
8676
8782
9072
5184
6056
9010
1629
128
5502
127
4948
3139
2317
448
434
4887
5479
1821
5912
8888
1877
6090
4786
139
8956
8764
4001
5807
8528
5039
2947
3380
1395
4417
8644
5194
3423
4649
3761
2913
3090
4981
2282
4659
1558
9068
9164
5197
9062
9244
9170
9164
9012
5760
5249
9180
9414
8758
8754
6464
1899
8976
9326
9294
6070
8906
2210
2805
5061
236
2247
2660
8778
3700
759
4565
8542
8824
2831
4464
2432
2485
4763
4422
5028
871
3010
4972
9046
4877
8598
1239
4655
4962
4993
9090
2232
9126
4559
2472
9174
8826
2357
9042
2408
4889
6762
9194
8984
8996
6527
5705
5440
6318
9534
4617
9040
8932
2591
9194
4807
9332
3052
5012
2658
5514
1368
1862
1506
189
641
8512
8738
1050
1649
1279
707
2125
620
1408
1388
629
1970
180
563
1432
5486
1700
1453
1954
1713
3488
2485
5774
2446
9038
3039
2610
1756
8764
8404
1545
1670
3637
8918
1575
2567
8786
9198
4737
2869
2582
2655
2411
8872
8654
9346
5546
5551
3181
2852
2838
8890
3208
8974
2496
432
1545
2919
182
667
662
7920
4344
3829
462
183
8242
1869
1577
1982
1432
1261
5007
4652
357
3579
3127
2966
4019
5273
2908
8086
2853
8052
1684
1185
2929
497
2718
2854
5248
2589
3496
8202
1380
2102
8578
8520
4118
2068
1932
4028
2246
3944
4904
8478
8446
3224
4828
8460
8786
2231
8664
8046
8326
684
2080
226
110
910
597
730
831
274
506
703
892
279
557
1057
1468
738
444
789
951
2026
549
734
2012
1913
1649
1334
801
2155
1636
2147
1389
1373
6030
1426
857
796
852
830
2016
4563
2204
2255
3631
5918
8750
1923
8802
2168
8616
1105
5293
8296
2357
2181
1564
6272
8850
1979
2253
3631
916
5633
7960
3724
8554
2688
1076
2219
4000
8106
306
3873
4064
3344
3826
3809
1975
3747
5265
2862
5207
8568
4561
3049
2049
8528
8224
3564
5735
1858
8334
3984
8390
3731
8432
904
3874
8488
7868
9120
1631
4402
9080
3718
8662
8624
9176
5926
3985
8276
9024
8522
6616
5776
8718
3896
3873
8604
8790
4823
1680
1484
8212
3258
1502
4060
1829
1672
1909
1664
1297
8482
1704
1576
1495
1424
297
2579
1579
8644
8558
8738
1724
8556
5027
2469
928
2530
2976
2199
4060
1773
3543
5019
4059
1679
1676
3332
8648
9096
5369
8968
8682
9146
1942
8762
5440
3938
2618
8862
2912
3550
9220
8792
8786
8692
2536
4996
8598
870
1290
692
5592
1635
2194
752
1170
329
5550
1691
4778
549
4704
590
1735
1508
1703
3073
5065
4968
5282
1778
1248
1614
5048
1636
1608
4860
4710
4757
4940
1713
8218
1522
2965
3603
4163
8510
3024
8674
5429
1765
5009
8222
8300
5044
8676
8412
2452
8880
8794
5574
8624
5527
8384
4576
5022
1541
8618
3996
622
5971
2004
1832
1379
1918
3910
1982
4313
5911
2425
2011
5433
5728
2000
9210
4043
5916
1943
5551
6181
9128
2124
5774
6338
5352
6078
3792
8976
6334
3065
8600
3500
2430
4070
8522
6290
3944
4996
6086
6015
4129
9458
8892
9188
9496
9280
9282
8896
8848
9284
5965
9186
9036
6222
9358
6121
9306
6161
219
3125
1478
192
166
4033
213
150
2137
161
3871
151
2194
222
3072
160
652
193
4002
138
264
2139
1838
2389
3067
2389
2758
2366
4965
2295
874
2242
2876
4139
2263
1970
5086
1978
8502
2235
8580
2218
5597
6027
4326
4136
8706
4360
5282
4587
4710
5975
2187
2185
3225
8746
4273
3219
3156
3158
972
4234
2989
2145
3880
828
2495
519
2146
2130
8820
3229
2027
4122
8882
2764
1921
722
502
2081
2997
9076
2252
4046
2926
3126
2099
4415
2321
4667
3847
4314
1201
4476
3491
3846
4463
4567
3958
8942
5150
4687
4516
9056
9214
4329
9244
9090
9088
9350
9308
9336
9072
4596
9262
4967
9142
9460
5761
9354
435
1462
5335
3362
909
1122
5264
5088
461
2955
3127
1024
9148
806
483
491
2678
517
8824
762
9466
923
3092
5610
3120
1474
736
3274
3390
9652
1517
3236
4872
2114
9174
1109
6920
5413
2938
5575
5624
5698
6007
9704
4552
9522
5517
9356
5678
9540
9732
9958
9794
5786
10054
9502
9716
9804
5058
5565
1104
2046
1130
1609
1008
1470
1098
1595
1054
1022
2021
1069
239
2584
1113
1082
364
1242
1089
9000
2004
2750
9346
2084
4394
2137
9474
3138
9092
5228
1071
1186
4621
1053
2539
6345
3613
3496
1093
1048
3219
9624
10070
5007
3422
9562
8990
3231
9632
4923
4482
9384
9612
9424
1996
9532
9012
9154
4556
9302
1823
3172
1405
3289
243
789
418
485
3734
1267
1390
1463
1239
1202
2877
1541
1388
2921
1240
234
3578
2342
1934
3375
1966
1364
3115
3209
1388
3101
2922
2944
2253
3417
3030
3631
8232
2826
8108
8024
8324
8880
8934
2220
5700
8264
3364
8652
5782
5651
8828
9106
3401
3105
8600
8898
2826
8494
6191
8726
803
3681
3747
697
2810
1200
4863
1917
226
4899
695
736
5306
655
5162
1881
2743
791
3286
2107
3114
2702
5133
5055
5218
2133
8584
4713
1945
3067
2901
8114
541
8486
8248
2054
3943
763
3639
8576
8686
8852
4420
9048
9320
8926
5266
5326
8972
5106
8574
4964
4521
2309
8668
5640
2971
6538
5400
3179
629
3118
652
1975
623
252
261
621
627
256
690
733
3228
628
260
265
675
675
631
2738
5134
1957
2852
8610
3136
1828
1948
3406
3836
8680
3013
2871
4786
3363
3735
2947
3462
681
2026
736
8762
4216
8674
3146
5035
8908
8884
1733
8770
1916
5204
8736
9100
3759
8956
9060
8618
3262
3321
8928
2112
2231
502
3560
1415
3817
2711
1692
2854
4370
8202
693
8424
1189
507
2172
808
4510
1257
3729
2339
4081
8496
3934
6351
8824
1245
5264
3783
8868
8634
8076
1435
8234
8666
6189
4324
8488
6487
3960
8172
8476
4114
8378
4125
4244
8458
8766
9070
8628
8552
6441
4292
8158
4043
5941
3943
8798
4047
4328
1716
385
8898
1932
8654
480
1118
8498
1010
2279
4515
8956
8662
2476
2282
2251
1750
1349
436
4716
3912
1792
8696
8742
4904
1543
8856
4717
4752
2110
3963
9228
4788
1192
8798
8912
1682
1804
3211
1899
9110
9104
9468
9298
9074
5715
9170
8886
9332
9128
9298
9322
5268
9406
8968
9004
9176
9458
8618
9156
543
473
2089
2117
1516
1637
3974
8834
1792
1459
8172
2824
551
4233
3017
470
5919
1633
1284
2017
8900
6357
8520
8766
3866
2251
5795
1913
2139
1545
2085
2018
5686
6349
1502
2034
2294
1974
1463
2249
8670
8914
8740
8852
9228
6082
8632
8852
9130
6371
9186
9024
9182
8964
8898
6283
9084
8946
5406
8592
182
200
1216
1166
741
1218
1271
402
223
1163
3695
3452
192
678
1379
316
1280
1219
3533
1277
2779
1276
4111
425
1209
469
3924
1389
5236
2842
8882
3817
2258
3918
8768
5415
8908
1289
3567
687
9676
9278
5369
3563
3923
4161
9360
3608
9136
5349
9492
8918
6049
3834
5145
3279
1190
3610
9524
2695
2875
535
3197
3019
8240
2984
1767
1350
3015
3853
3063
3046
409
2464
2856
3888
1833
8762
3086
3157
3518
3478
3000
4432
494
3312
3117
6023
2847
3353
8854
3310
3023
8636
2961
3160
3130
3766
2319
3100
3251
4100
8812
3027
8984
4243
2900
5226
3875
5739
9064
8830
9022
8902
9082
3464
6809
8696
9110
4232
8436
383
1890
1042
379
3377
5569
2430
5170
772
2538
2898
4246
161
1773
167
3232
738
4538
2508
1613
4543
5784
8610
3959
2531
5239
8698
8900
2459
3413
6615
2316
3578
8778
1749
9000
8852
5423
8756
9242
9334
9072
8962
8568
8796
8586
8988
8694
8762
8724
9132
9156
3436
9170
4459
8952
8826
9050
6305
578
1584
597
1050
3756
4138
1624
4503
1667
1679
762
1704
1486
1086
1480
1097
751
851
5119
1672
1872
2832
1094
4151
1845
4219
1770
4613
2447
2378
2662
2149
9020
4053
2323
9116
5114
2337
1817
3225
4030
3108
5395
9154
5332
9296
9444
4521
4681
4843
8896
4271
9286
8758
5687
9494
9134
2327
9230
4077